   10.0000000000000     
   10.0400400400400     
   10.0800800800801     
   10.1201201201201     
   10.1601601601602     
   10.2002002002002     
   10.2402402402402     
   10.2802802802803     
   10.3203203203203     
   10.3603603603604     
   10.4004004004004     
   10.4404404404404     
   10.4804804804805     
   10.5205205205205     
   10.5605605605606     
   10.6006006006006     
   10.6406406406406     
   10.6806806806807     
   10.7207207207207     
   10.7607607607608     
   10.8008008008008     
   10.8408408408408     
   10.8808808808809     
   10.9209209209209     
   10.9609609609610     
   11.0010010010010     
   11.0410410410410     
   11.0810810810811     
   11.1211211211211     
   11.1611611611612     
   11.2012012012012     
   11.2412412412412     
   11.2812812812813     
   11.3213213213213     
   11.3613613613614     
   11.4014014014014     
   11.4414414414414     
   11.4814814814815     
   11.5215215215215     
   11.5615615615616     
   11.6016016016016     
   11.6416416416416     
   11.6816816816817     
   11.7217217217217     
   11.7617617617618     
   11.8018018018018     
   11.8418418418418     
   11.8818818818819     
   11.9219219219219     
   11.9619619619620     
   12.0020020020020     
   12.0420420420420     
   12.0820820820821     
   12.1221221221221     
   12.1621621621622     
   12.2022022022022     
   12.2422422422422     
   12.2822822822823     
   12.3223223223223     
   12.3623623623624     
   12.4024024024024     
   12.4424424424424     
   12.4824824824825     
   12.5225225225225     
   12.5625625625626     
   12.6026026026026     
   12.6426426426426     
   12.6826826826827     
   12.7227227227227     
   12.7627627627628     
   12.8028028028028     
   12.8428428428428     
   12.8828828828829     
   12.9229229229229     
   12.9629629629630     
   13.0030030030030     
   13.0430430430430     
   13.0830830830831     
   13.1231231231231     
   13.1631631631632     
   13.2032032032032     
   13.2432432432432     
   13.2832832832833     
   13.3233233233233     
   13.3633633633634     
   13.4034034034034     
   13.4434434434434     
   13.4834834834835     
   13.5235235235235     
   13.5635635635636     
   13.6036036036036     
   13.6436436436436     
   13.6836836836837     
   13.7237237237237     
   13.7637637637638     
   13.8038038038038     
   13.8438438438438     
   13.8838838838839     
   13.9239239239239     
   13.9639639639640     
   14.0040040040040     
   14.0440440440440     
   14.0840840840841     
   14.1241241241241     
   14.1641641641642     
   14.2042042042042     
   14.2442442442442     
   14.2842842842843     
   14.3243243243243     
   14.3643643643644     
   14.4044044044044     
   14.4444444444444     
   14.4844844844845     
   14.5245245245245     
   14.5645645645646     
   14.6046046046046     
   14.6446446446446     
   14.6846846846847     
   14.7247247247247     
   14.7647647647648     
   14.8048048048048     
   14.8448448448448     
   14.8848848848849     
   14.9249249249249     
   14.9649649649650     
   15.0050050050050     
   15.0450450450450     
   15.0850850850851     
   15.1251251251251     
   15.1651651651652     
   15.2052052052052     
   15.2452452452452     
   15.2852852852853     
   15.3253253253253     
   15.3653653653654     
   15.4054054054054     
   15.4454454454454     
   15.4854854854855     
   15.5255255255255     
   15.5655655655656     
   15.6056056056056     
   15.6456456456456     
   15.6856856856857     
   15.7257257257257     
   15.7657657657658     
   15.8058058058058     
   15.8458458458458     
   15.8858858858859     
   15.9259259259259     
   15.9659659659660     
   16.0060060060060     
   16.0460460460460     
   16.0860860860861     
   16.1261261261261     
   16.1661661661662     
   16.2062062062062     
   16.2462462462462     
   16.2862862862863     
   16.3263263263263     
   16.3663663663664     
   16.4064064064064     
   16.4464464464464     
   16.4864864864865     
   16.5265265265265     
   16.5665665665666     
   16.6066066066066     
   16.6466466466466     
   16.6866866866867     
   16.7267267267267     
   16.7667667667668     
   16.8068068068068     
   16.8468468468468     
   16.8868868868869     
   16.9269269269269     
   16.9669669669670     
   17.0070070070070     
   17.0470470470470     
   17.0870870870871     
   17.1271271271271     
   17.1671671671672     
   17.2072072072072     
   17.2472472472472     
   17.2872872872873     
   17.3273273273273     
   17.3673673673674     
   17.4074074074074     
   17.4474474474474     
   17.4874874874875     
   17.5275275275275     
   17.5675675675676     
   17.6076076076076     
   17.6476476476476     
   17.6876876876877     
   17.7277277277277     
   17.7677677677678     
   17.8078078078078     
   17.8478478478478     
   17.8878878878879     
   17.9279279279279     
   17.9679679679680     
   18.0080080080080     
   18.0480480480480     
   18.0880880880881     
   18.1281281281281     
   18.1681681681682     
   18.2082082082082     
   18.2482482482482     
   18.2882882882883     
   18.3283283283283     
   18.3683683683684     
   18.4084084084084     
   18.4484484484484     
   18.4884884884885     
   18.5285285285285     
   18.5685685685686     
   18.6086086086086     
   18.6486486486486     
   18.6886886886887     
   18.7287287287287     
   18.7687687687688     
   18.8088088088088     
   18.8488488488488     
   18.8888888888889     
   18.9289289289289     
   18.9689689689690     
   19.0090090090090     
   19.0490490490490     
   19.0890890890891     
   19.1291291291291     
   19.1691691691692     
   19.2092092092092     
   19.2492492492492     
   19.2892892892893     
   19.3293293293293     
   19.3693693693694     
   19.4094094094094     
   19.4494494494494     
   19.4894894894895     
   19.5295295295295     
   19.5695695695696     
   19.6096096096096     
   19.6496496496496     
   19.6896896896897     
   19.7297297297297     
   19.7697697697698     
   19.8098098098098     
   19.8498498498498     
   19.8898898898899     
   19.9299299299299     
   19.9699699699700     
   20.0100100100100     
   20.0500500500501     
   20.0900900900901     
   20.1301301301301     
   20.1701701701702     
   20.2102102102102     
   20.2502502502503     
   20.2902902902903     
   20.3303303303303     
   20.3703703703704     
   20.4104104104104     
   20.4504504504505     
   20.4904904904905     
   20.5305305305305     
   20.5705705705706     
   20.6106106106106     
   20.6506506506507     
   20.6906906906907     
   20.7307307307307     
   20.7707707707708     
   20.8108108108108     
   20.8508508508509     
   20.8908908908909     
   20.9309309309309     
   20.9709709709710     
   21.0110110110110     
   21.0510510510511     
   21.0910910910911     
   21.1311311311311     
   21.1711711711712     
   21.2112112112112     
   21.2512512512513     
   21.2912912912913     
   21.3313313313313     
   21.3713713713714     
   21.4114114114114     
   21.4514514514515     
   21.4914914914915     
   21.5315315315315     
   21.5715715715716     
   21.6116116116116     
   21.6516516516517     
   21.6916916916917     
   21.7317317317317     
   21.7717717717718     
   21.8118118118118     
   21.8518518518519     
   21.8918918918919     
   21.9319319319319     
   21.9719719719720     
   22.0120120120120     
   22.0520520520521     
   22.0920920920921     
   22.1321321321321     
   22.1721721721722     
   22.2122122122122     
   22.2522522522523     
   22.2922922922923     
   22.3323323323323     
   22.3723723723724     
   22.4124124124124     
   22.4524524524525     
   22.4924924924925     
   22.5325325325325     
   22.5725725725726     
   22.6126126126126     
   22.6526526526527     
   22.6926926926927     
   22.7327327327327     
   22.7727727727728     
   22.8128128128128     
   22.8528528528529     
   22.8928928928929     
   22.9329329329329     
   22.9729729729730     
   23.0130130130130     
   23.0530530530531     
   23.0930930930931     
   23.1331331331331     
   23.1731731731732     
   23.2132132132132     
   23.2532532532533     
   23.2932932932933     
   23.3333333333333     
   23.3733733733734     
   23.4134134134134     
   23.4534534534535     
   23.4934934934935     
   23.5335335335335     
   23.5735735735736     
   23.6136136136136     
   23.6536536536537     
   23.6936936936937     
   23.7337337337337     
   23.7737737737738     
   23.8138138138138     
   23.8538538538539     
   23.8938938938939     
   23.9339339339339     
   23.9739739739740     
   24.0140140140140     
   24.0540540540541     
   24.0940940940941     
   24.1341341341341     
   24.1741741741742     
   24.2142142142142     
   24.2542542542543     
   24.2942942942943     
   24.3343343343343     
   24.3743743743744     
   24.4144144144144     
   24.4544544544545     
   24.4944944944945     
   24.5345345345345     
   24.5745745745746     
   24.6146146146146     
   24.6546546546547     
   24.6946946946947     
   24.7347347347347     
   24.7747747747748     
   24.8148148148148     
   24.8548548548549     
   24.8948948948949     
   24.9349349349349     
   24.9749749749750     
   25.0150150150150     
   25.0550550550551     
   25.0950950950951     
   25.1351351351351     
   25.1751751751752     
   25.2152152152152     
   25.2552552552553     
   25.2952952952953     
   25.3353353353353     
   25.3753753753754     
   25.4154154154154     
   25.4554554554555     
   25.4954954954955     
   25.5355355355355     
   25.5755755755756     
   25.6156156156156     
   25.6556556556557     
   25.6956956956957     
   25.7357357357357     
   25.7757757757758     
   25.8158158158158     
   25.8558558558559     
   25.8958958958959     
   25.9359359359359     
   25.9759759759760     
   26.0160160160160     
   26.0560560560561     
   26.0960960960961     
   26.1361361361361     
   26.1761761761762     
   26.2162162162162     
   26.2562562562563     
   26.2962962962963     
   26.3363363363363     
   26.3763763763764     
   26.4164164164164     
   26.4564564564565     
   26.4964964964965     
   26.5365365365365     
   26.5765765765766     
   26.6166166166166     
   26.6566566566567     
   26.6966966966967     
   26.7367367367367     
   26.7767767767768     
   26.8168168168168     
   26.8568568568569     
   26.8968968968969     
   26.9369369369369     
   26.9769769769770     
   27.0170170170170     
   27.0570570570571     
   27.0970970970971     
   27.1371371371371     
   27.1771771771772     
   27.2172172172172     
   27.2572572572573     
   27.2972972972973     
   27.3373373373373     
   27.3773773773774     
   27.4174174174174     
   27.4574574574575     
   27.4974974974975     
   27.5375375375375     
   27.5775775775776     
   27.6176176176176     
   27.6576576576577     
   27.6976976976977     
   27.7377377377377     
   27.7777777777778     
   27.8178178178178     
   27.8578578578579     
   27.8978978978979     
   27.9379379379379     
   27.9779779779780     
   28.0180180180180     
   28.0580580580581     
   28.0980980980981     
   28.1381381381381     
   28.1781781781782     
   28.2182182182182     
   28.2582582582583     
   28.2982982982983     
   28.3383383383383     
   28.3783783783784     
   28.4184184184184     
   28.4584584584585     
   28.4984984984985     
   28.5385385385385     
   28.5785785785786     
   28.6186186186186     
   28.6586586586587     
   28.6986986986987     
   28.7387387387387     
   28.7787787787788     
   28.8188188188188     
   28.8588588588589     
   28.8988988988989     
   28.9389389389389     
   28.9789789789790     
   29.0190190190190     
   29.0590590590591     
   29.0990990990991     
   29.1391391391391     
   29.1791791791792     
   29.2192192192192     
   29.2592592592593     
   29.2992992992993     
   29.3393393393393     
   29.3793793793794     
   29.4194194194194     
   29.4594594594595     
   29.4994994994995     
   29.5395395395395     
   29.5795795795796     
   29.6196196196196     
   29.6596596596597     
   29.6996996996997     
   29.7397397397397     
   29.7797797797798     
   29.8198198198198     
   29.8598598598599     
   29.8998998998999     
   29.9399399399399     
   29.9799799799800     
   30.0200200200200     
   30.0600600600601     
   30.1001001001001     
   30.1401401401401     
   30.1801801801802     
   30.2202202202202     
   30.2602602602603     
   30.3003003003003     
   30.3403403403403     
   30.3803803803804     
   30.4204204204204     
   30.4604604604605     
   30.5005005005005     
   30.5405405405405     
   30.5805805805806     
   30.6206206206206     
   30.6606606606607     
   30.7007007007007     
   30.7407407407407     
   30.7807807807808     
   30.8208208208208     
   30.8608608608609     
   30.9009009009009     
   30.9409409409409     
   30.9809809809810     
   31.0210210210210     
   31.0610610610611     
   31.1011011011011     
   31.1411411411411     
   31.1811811811812     
   31.2212212212212     
   31.2612612612613     
   31.3013013013013     
   31.3413413413413     
   31.3813813813814     
   31.4214214214214     
   31.4614614614615     
   31.5015015015015     
   31.5415415415415     
   31.5815815815816     
   31.6216216216216     
   31.6616616616617     
   31.7017017017017     
   31.7417417417417     
   31.7817817817818     
   31.8218218218218     
   31.8618618618619     
   31.9019019019019     
   31.9419419419419     
   31.9819819819820     
   32.0220220220220     
   32.0620620620621     
   32.1021021021021     
   32.1421421421421     
   32.1821821821822     
   32.2222222222222     
   32.2622622622623     
   32.3023023023023     
   32.3423423423423     
   32.3823823823824     
   32.4224224224224     
   32.4624624624625     
   32.5025025025025     
   32.5425425425425     
   32.5825825825826     
   32.6226226226226     
   32.6626626626627     
   32.7027027027027     
   32.7427427427427     
   32.7827827827828     
   32.8228228228228     
   32.8628628628629     
   32.9029029029029     
   32.9429429429429     
   32.9829829829830     
   33.0230230230230     
   33.0630630630631     
   33.1031031031031     
   33.1431431431431     
   33.1831831831832     
   33.2232232232232     
   33.2632632632633     
   33.3033033033033     
   33.3433433433433     
   33.3833833833834     
   33.4234234234234     
   33.4634634634635     
   33.5035035035035     
   33.5435435435435     
   33.5835835835836     
   33.6236236236236     
   33.6636636636637     
   33.7037037037037     
   33.7437437437437     
   33.7837837837838     
   33.8238238238238     
   33.8638638638639     
   33.9039039039039     
   33.9439439439439     
   33.9839839839840     
   34.0240240240240     
   34.0640640640641     
   34.1041041041041     
   34.1441441441441     
   34.1841841841842     
   34.2242242242242     
   34.2642642642643     
   34.3043043043043     
   34.3443443443443     
   34.3843843843844     
   34.4244244244244     
   34.4644644644645     
   34.5045045045045     
   34.5445445445445     
   34.5845845845846     
   34.6246246246246     
   34.6646646646647     
   34.7047047047047     
   34.7447447447447     
   34.7847847847848     
   34.8248248248248     
   34.8648648648649     
   34.9049049049049     
   34.9449449449449     
   34.9849849849850     
   35.0250250250250     
   35.0650650650651     
   35.1051051051051     
   35.1451451451452     
   35.1851851851852     
   35.2252252252252     
   35.2652652652653     
   35.3053053053053     
   35.3453453453454     
   35.3853853853854     
   35.4254254254254     
   35.4654654654655     
   35.5055055055055     
   35.5455455455456     
   35.5855855855856     
   35.6256256256256     
   35.6656656656657     
   35.7057057057057     
   35.7457457457458     
   35.7857857857858     
   35.8258258258258     
   35.8658658658659     
   35.9059059059059     
   35.9459459459460     
   35.9859859859860     
   36.0260260260260     
   36.0660660660661     
   36.1061061061061     
   36.1461461461462     
   36.1861861861862     
   36.2262262262262     
   36.2662662662663     
   36.3063063063063     
   36.3463463463464     
   36.3863863863864     
   36.4264264264264     
   36.4664664664665     
   36.5065065065065     
   36.5465465465466     
   36.5865865865866     
   36.6266266266266     
   36.6666666666667     
   36.7067067067067     
   36.7467467467468     
   36.7867867867868     
   36.8268268268268     
   36.8668668668669     
   36.9069069069069     
   36.9469469469470     
   36.9869869869870     
   37.0270270270270     
   37.0670670670671     
   37.1071071071071     
   37.1471471471472     
   37.1871871871872     
   37.2272272272272     
   37.2672672672673     
   37.3073073073073     
   37.3473473473474     
   37.3873873873874     
   37.4274274274274     
   37.4674674674675     
   37.5075075075075     
   37.5475475475476     
   37.5875875875876     
   37.6276276276276     
   37.6676676676677     
   37.7077077077077     
   37.7477477477478     
   37.7877877877878     
   37.8278278278278     
   37.8678678678679     
   37.9079079079079     
   37.9479479479480     
   37.9879879879880     
   38.0280280280280     
   38.0680680680681     
   38.1081081081081     
   38.1481481481482     
   38.1881881881882     
   38.2282282282282     
   38.2682682682683     
   38.3083083083083     
   38.3483483483484     
   38.3883883883884     
   38.4284284284284     
   38.4684684684685     
   38.5085085085085     
   38.5485485485486     
   38.5885885885886     
   38.6286286286286     
   38.6686686686687     
   38.7087087087087     
   38.7487487487488     
   38.7887887887888     
   38.8288288288288     
   38.8688688688689     
   38.9089089089089     
   38.9489489489490     
   38.9889889889890     
   39.0290290290290     
   39.0690690690691     
   39.1091091091091     
   39.1491491491492     
   39.1891891891892     
   39.2292292292292     
   39.2692692692693     
   39.3093093093093     
   39.3493493493494     
   39.3893893893894     
   39.4294294294294     
   39.4694694694695     
   39.5095095095095     
   39.5495495495496     
   39.5895895895896     
   39.6296296296296     
   39.6696696696697     
   39.7097097097097     
   39.7497497497498     
   39.7897897897898     
   39.8298298298298     
   39.8698698698699     
   39.9099099099099     
   39.9499499499500     
   39.9899899899900     
   40.0300300300300     
   40.0700700700701     
   40.1101101101101     
   40.1501501501502     
   40.1901901901902     
   40.2302302302302     
   40.2702702702703     
   40.3103103103103     
   40.3503503503504     
   40.3903903903904     
   40.4304304304304     
   40.4704704704705     
   40.5105105105105     
   40.5505505505506     
   40.5905905905906     
   40.6306306306306     
   40.6706706706707     
   40.7107107107107     
   40.7507507507508     
   40.7907907907908     
   40.8308308308308     
   40.8708708708709     
   40.9109109109109     
   40.9509509509510     
   40.9909909909910     
   41.0310310310310     
   41.0710710710711     
   41.1111111111111     
   41.1511511511512     
   41.1911911911912     
   41.2312312312312     
   41.2712712712713     
   41.3113113113113     
   41.3513513513514     
   41.3913913913914     
   41.4314314314314     
   41.4714714714715     
   41.5115115115115     
   41.5515515515516     
   41.5915915915916     
   41.6316316316316     
   41.6716716716717     
   41.7117117117117     
   41.7517517517518     
   41.7917917917918     
   41.8318318318318     
   41.8718718718719     
   41.9119119119119     
   41.9519519519520     
   41.9919919919920     
   42.0320320320320     
   42.0720720720721     
   42.1121121121121     
   42.1521521521522     
   42.1921921921922     
   42.2322322322322     
   42.2722722722723     
   42.3123123123123     
   42.3523523523524     
   42.3923923923924     
   42.4324324324324     
   42.4724724724725     
   42.5125125125125     
   42.5525525525526     
   42.5925925925926     
   42.6326326326326     
   42.6726726726727     
   42.7127127127127     
   42.7527527527528     
   42.7927927927928     
   42.8328328328328     
   42.8728728728729     
   42.9129129129129     
   42.9529529529530     
   42.9929929929930     
   43.0330330330330     
   43.0730730730731     
   43.1131131131131     
   43.1531531531532     
   43.1931931931932     
   43.2332332332332     
   43.2732732732733     
   43.3133133133133     
   43.3533533533534     
   43.3933933933934     
   43.4334334334334     
   43.4734734734735     
   43.5135135135135     
   43.5535535535536     
   43.5935935935936     
   43.6336336336336     
   43.6736736736737     
   43.7137137137137     
   43.7537537537538     
   43.7937937937938     
   43.8338338338338     
   43.8738738738739     
   43.9139139139139     
   43.9539539539540     
   43.9939939939940     
   44.0340340340340     
   44.0740740740741     
   44.1141141141141     
   44.1541541541542     
   44.1941941941942     
   44.2342342342342     
   44.2742742742743     
   44.3143143143143     
   44.3543543543544     
   44.3943943943944     
   44.4344344344344     
   44.4744744744745     
   44.5145145145145     
   44.5545545545546     
   44.5945945945946     
   44.6346346346346     
   44.6746746746747     
   44.7147147147147     
   44.7547547547548     
   44.7947947947948     
   44.8348348348348     
   44.8748748748749     
   44.9149149149149     
   44.9549549549550     
   44.9949949949950     
   45.0350350350350     
   45.0750750750751     
   45.1151151151151     
   45.1551551551552     
   45.1951951951952     
   45.2352352352352     
   45.2752752752753     
   45.3153153153153     
   45.3553553553554     
   45.3953953953954     
   45.4354354354354     
   45.4754754754755     
   45.5155155155155     
   45.5555555555556     
   45.5955955955956     
   45.6356356356356     
   45.6756756756757     
   45.7157157157157     
   45.7557557557558     
   45.7957957957958     
   45.8358358358358     
   45.8758758758759     
   45.9159159159159     
   45.9559559559560     
   45.9959959959960     
   46.0360360360360     
   46.0760760760761     
   46.1161161161161     
   46.1561561561562     
   46.1961961961962     
   46.2362362362362     
   46.2762762762763     
   46.3163163163163     
   46.3563563563564     
   46.3963963963964     
   46.4364364364364     
   46.4764764764765     
   46.5165165165165     
   46.5565565565566     
   46.5965965965966     
   46.6366366366366     
   46.6766766766767     
   46.7167167167167     
   46.7567567567568     
   46.7967967967968     
   46.8368368368368     
   46.8768768768769     
   46.9169169169169     
   46.9569569569570     
   46.9969969969970     
   47.0370370370370     
   47.0770770770771     
   47.1171171171171     
   47.1571571571572     
   47.1971971971972     
   47.2372372372372     
   47.2772772772773     
   47.3173173173173     
   47.3573573573574     
   47.3973973973974     
   47.4374374374374     
   47.4774774774775     
   47.5175175175175     
   47.5575575575576     
   47.5975975975976     
   47.6376376376376     
   47.6776776776777     
   47.7177177177177     
   47.7577577577578     
   47.7977977977978     
   47.8378378378378     
   47.8778778778779     
   47.9179179179179     
   47.9579579579580     
   47.9979979979980     
   48.0380380380380     
   48.0780780780781     
   48.1181181181181     
   48.1581581581582     
   48.1981981981982     
   48.2382382382382     
   48.2782782782783     
   48.3183183183183     
   48.3583583583584     
   48.3983983983984     
   48.4384384384384     
   48.4784784784785     
   48.5185185185185     
   48.5585585585586     
   48.5985985985986     
   48.6386386386386     
   48.6786786786787     
   48.7187187187187     
   48.7587587587588     
   48.7987987987988     
   48.8388388388388     
   48.8788788788789     
   48.9189189189189     
   48.9589589589590     
   48.9989989989990     
   49.0390390390390     
   49.0790790790791     
   49.1191191191191     
   49.1591591591592     
   49.1991991991992     
   49.2392392392392     
   49.2792792792793     
   49.3193193193193     
   49.3593593593594     
   49.3993993993994     
   49.4394394394394     
   49.4794794794795     
   49.5195195195195     
   49.5595595595596     
   49.5995995995996     
   49.6396396396396     
   49.6796796796797     
   49.7197197197197     
   49.7597597597598     
   49.7997997997998     
   49.8398398398398     
   49.8798798798799     
   49.9199199199199     
   49.9599599599600     
   50.0000000000000     
