1	1	0
2	2	16
3	3	40
4	4	72
5	5	112
6	6	160
7	7	216
8	7	280
9	7	344
10	7	408
11	7	472
12	7	536
13	7	600
14	7	664
15	7	728
16	7	792
17	7	856
18	7	920
19	7	984
20	7	1048
21	7	1112
22	7	1176
23	7	1240
24	7	1304
25	7	1368
26	7	1432
27	7	1496
28	7	1560
29	7	1624
30	9	1688
31	9	1768
32	9	1848
33	9	1928
34	9	2008
35	9	2088
36	9	2168
37	9	2248
38	9	2328
39	9	2408
40	9	2488
41	9	2568
42	9	2648
43	9	2728
44	9	2808
45	9	2888
46	9	2968
47	9	3048
48	9	3128
49	9	3208
50	9	3288
51	9	3368
52	9	3448
53	9	3528
54	9	3608
55	9	3688
56	9	3768
57	9	3848
58	9	3928
59	9	4008
60	9	4088
61	9	4168
62	9	4248
63	9	4328
64	9	4408
65	9	4488
66	9	4568
67	9	4648
68	9	4728
69	9	4808
70	9	4888
71	9	4968
72	9	5048
73	9	5128
74	9	5208
75	9	5288
76	9	5368
77	9	5448
78	9	5528
79	9	5608
80	9	5688
81	9	5768
82	9	5848
83	9	5928
84	9	6008
85	9	6088
86	11	6168
87	11	6264
88	11	6360
89	11	6456
90	11	6552
91	11	6648
92	11	6744
93	11	6840
94	11	6936
95	11	7032
96	11	7128
97	11	7224
98	11	7320
99	11	7416
100	11	7512
101	11	7608
102	11	7704
103	11	7800
104	11	7896
105	11	7992
106	11	8088
107	11	8184
108	11	8280
109	11	8376
110	11	8472
111	11	8568
112	11	8664
113	11	8760
114	11	8856
115	11	8952
116	11	9048
117	11	9144
118	11	9240
119	11	9336
120	11	9432
121	11	9528
122	11	9624
123	11	9720
124	11	9816
125	11	9912
126	11	10008
127	11	10104
128	11	10200
129	11	10296
130	11	10392
131	11	10488
132	11	10584
133	11	10680
134	11	10776
135	11	10872
136	11	10968
137	11	11064
138	11	11160
139	11	11256
140	11	11352
141	11	11448
142	11	11544
143	11	11640
144	11	11736
145	11	11832
146	11	11928
147	11	12024
148	11	12120
149	11	12216
150	11	12312
151	11	12408
152	11	12504
153	11	12600
154	11	12696
155	11	12792
156	11	12888
157	11	12984
158	11	13080
159	11	13176
160	11	13272
161	11	13368
162	11	13464
163	11	13560
164	11	13656
165	11	13752
166	11	13848
167	13	13944
168	13	14056
169	13	14168
170	13	14280
171	13	14392
172	13	14504
173	13	14616
174	13	14728
175	13	14840
176	13	14952
177	13	15064
178	13	15176
179	13	15288
180	13	15400
181	13	15512
182	13	15624
183	13	15736
184	13	15848
185	13	15960
186	13	16072
187	13	16184
188	13	16296
189	13	16408
190	13	16520
191	13	16632
192	13	16744
193	13	16856
194	13	16968
195	13	17080
196	13	17192
197	13	17304
198	13	17416
199	13	17528
200	13	17640
201	13	17752
202	13	17864
203	13	17976
204	13	18088
205	13	18200
206	13	18312
207	13	18424
208	13	18536
209	13	18648
210	13	18760
211	13	18872
212	13	18984
213	13	19096
214	13	19208
215	13	19320
216	13	19432
217	13	19544
218	13	19656
219	13	19768
220	13	19880
221	13	19992
222	13	20104
223	13	20216
224	13	20328
225	13	20440
226	13	20552
227	13	20664
228	13	20776
229	13	20888
230	13	21000
231	13	21112
232	13	21224
233	13	21336
234	13	21448
235	13	21560
236	13	21672
237	13	21784
238	13	21896
239	13	22008
240	13	22120
241	13	22232
242	13	22344
243	13	22456
244	13	22568
245	13	22680
246	13	22792
247	13	22904
248	13	23016
249	13	23128
250	13	23240
251	13	23352
252	13	23464
253	13	23576
254	13	23688
255	13	23800
256	13	23912
257	13	24024
258	13	24136
259	13	24248
260	13	24360
261	13	24472
262	13	24584
263	15	24696
264	15	24824
265	15	24952
266	15	25080
267	15	25208
268	15	25336
269	15	25464
270	15	25592
271	15	25720
272	15	25848
273	15	25976
274	15	26104
275	15	26232
276	15	26360
277	15	26488
278	15	26616
279	15	26744
280	15	26872
281	15	27000
282	15	27128
283	15	27256
284	15	27384
285	15	27512
286	15	27640
287	15	27768
288	15	27896
289	15	28024
290	15	28152
291	15	28280
292	15	28408
293	15	28536
294	15	28664
295	15	28792
296	15	28920
297	15	29048
298	15	29176
299	15	29304
300	15	29432
301	15	29560
302	15	29688
303	15	29816
304	15	29944
305	15	30072
306	15	30200
307	15	30328
308	15	30456
309	15	30584
310	15	30712
311	15	30840
312	15	30968
313	15	31096
314	15	31224
315	15	31352
316	15	31480
317	15	31608
318	15	31736
319	15	31864
320	15	31992
321	15	32120
322	15	32248
323	15	32376
324	15	32504
325	15	32632
326	15	32760
327	15	32888
328	15	33016
329	15	33144
330	15	33272
331	15	33400
332	15	33528
333	15	33656
334	15	33784
335	15	33912
336	15	34040
337	15	34168
338	15	34296
339	15	34424
340	15	34552
341	15	34680
342	15	34808
343	15	34936
344	15	35064
345	15	35192
346	15	35320
347	15	35448
348	15	35576
349	15	35704
350	15	35832
351	15	35960
352	15	36088
353	15	36216
354	15	36344
355	15	36472
356	15	36600
357	15	36728
358	15	36856
359	15	36984
360	15	37112
361	15	37240
362	15	37368
363	15	37496
364	15	37624
365	15	37752
366	15	37880
367	15	38008
368	15	38136
369	17	38264
370	17	38408
371	17	38552
372	17	38696
373	17	38840
374	17	38984
375	17	39128
376	17	39272
377	17	39416
378	17	39560
379	17	39704
380	17	39848
381	17	39992
382	17	40136
383	17	40280
384	17	40424
385	17	40568
386	17	40712
387	17	40856
388	17	41000
389	17	41144
390	17	41288
391	17	41432
392	17	41576
393	17	41720
394	17	41864
395	17	42008
396	17	42152
397	17	42296
398	17	42440
399	17	42584
400	17	42728
401	17	42872
402	17	43016
403	17	43160
404	17	43304
405	17	43448
406	17	43592
407	17	43736
408	17	43880
409	17	44024
410	17	44168
411	17	44312
412	17	44456
413	17	44600
414	17	44744
415	17	44888
416	17	45032
417	17	45176
418	17	45320
419	17	45464
420	17	45608
421	17	45752
422	17	45896
423	17	46040
424	17	46184
425	17	46328
426	17	46472
427	17	46616
428	17	46760
429	17	46904
430	17	47048
431	17	47192
432	17	47336
433	17	47480
434	17	47624
435	17	47768
436	17	47912
437	17	48056
438	17	48200
439	17	48344
440	17	48488
441	17	48632
442	17	48776
443	17	48920
444	17	49064
445	17	49208
446	17	49352
447	17	49496
448	17	49640
449	17	49784
450	17	49928
451	17	50072
452	17	50216
453	17	50360
454	17	50504
455	17	50648
456	17	50792
457	17	50936
458	17	51080
459	17	51224
460	17	51368
461	17	51512
462	17	51656
463	17	51800
464	17	51944
465	17	52088
466	17	52232
467	17	52376
468	17	52520
469	17	52664
470	17	52808
471	17	52952
472	17	53096
473	17	53240
474	17	53384
475	17	53528
476	17	53672
477	17	53816
478	17	53960
479	17	54104
480	17	54248
481	19	54392
482	19	54552
483	19	54712
484	19	54872
485	19	55032
486	19	55192
487	19	55352
488	19	55512
489	19	55672
490	19	55832
491	19	55992
492	19	56152
493	19	56312
494	19	56472
495	19	56632
496	19	56792
497	19	56952
498	19	57112
499	19	57272
500	19	57432
501	19	57592
502	19	57752
503	19	57912
504	19	58072
505	19	58232
506	19	58392
507	19	58552
508	19	58712
509	19	58872
510	19	59032
511	19	59192
512	19	59352
513	19	59512
514	19	59672
515	19	59832
516	19	59992
517	19	60152
518	19	60312
519	19	60472
520	19	60632
521	19	60792
522	19	60952
523	19	61112
524	19	61272
525	19	61432
526	19	61592
527	19	61752
528	19	61912
529	19	62072
530	19	62232
531	19	62392
532	19	62552
533	19	62712
534	19	62872
535	19	63032
536	19	63192
537	19	63352
538	19	63512
539	19	63672
540	19	63832
541	19	63992
542	19	64152
543	19	64312
544	19	64472
545	19	64632
546	19	64792
547	19	64952
548	19	65112
549	19	65272
550	19	65432
551	19	65592
552	19	65752
553	19	65912
554	19	66072
555	19	66232
556	19	66392
557	19	66552
558	19	66712
559	19	66872
560	19	67032
561	19	67192
562	19	67352
563	19	67512
564	19	67672
565	19	67832
566	19	67992
567	19	68152
568	19	68312
569	19	68472
570	19	68632
571	19	68792
572	19	68952
573	19	69112
574	19	69272
575	19	69432
576	19	69592
577	19	69752
578	19	69912
579	19	70072
580	19	70232
581	19	70392
582	19	70552
583	19	70712
584	19	70872
585	19	71032
586	19	71192
587	19	71352
588	19	71512
589	19	71672
590	19	71832
591	19	71992
592	19	72152
593	19	72312
594	19	72472
595	21	72632
596	21	72808
597	21	72984
598	21	73160
599	21	73336
600	21	73512
601	21	73688
602	21	73864
603	21	74040
604	21	74216
605	21	74392
606	21	74568
607	21	74744
608	21	74920
609	21	75096
610	21	75272
611	21	75448
612	21	75624
613	21	75800
614	21	75976
615	21	76152
616	21	76328
617	21	76504
618	21	76680
619	21	76856
620	21	77032
621	21	77208
622	21	77384
623	21	77560
624	21	77736
625	21	77912
626	21	78088
627	21	78264
628	21	78440
629	21	78616
630	21	78792
631	21	78968
632	21	79144
633	21	79320
634	21	79496
635	21	79672
636	21	79848
637	21	80024
638	21	80200
639	21	80376
640	21	80552
641	21	80728
642	21	80904
643	21	81080
644	21	81256
645	21	81432
646	21	81608
647	21	81784
648	21	81960
649	21	82136
650	21	82312
651	21	82488
652	21	82664
653	21	82840
654	21	83016
655	21	83192
656	21	83368
657	21	83544
658	21	83720
659	21	83896
660	21	84072
661	21	84248
662	21	84424
663	21	84600
664	21	84776
665	21	84952
666	21	85128
667	21	85304
668	21	85480
669	21	85656
670	21	85832
671	21	86008
672	21	86184
673	21	86360
674	21	86536
675	21	86712
676	21	86888
677	21	87064
678	21	87240
679	21	87416
680	21	87592
681	21	87768
682	21	87944
683	21	88120
684	21	88296
685	21	88472
686	21	88648
687	21	88824
688	21	89000
689	21	89176
690	21	89352
691	21	89528
692	21	89704
693	21	89880
694	21	90056
695	21	90232
696	21	90408
697	21	90584
698	21	90760
699	21	90936
700	21	91112
701	21	91288
702	21	91464
703	21	91640
704	21	91816
705	21	91992
706	21	92168
707	21	92344
708	21	92520
709	21	92696
710	21	92872
711	21	93048
712	23	93224
713	23	93416
714	23	93608
715	23	93800
716	23	93992
717	23	94184
718	23	94376
719	23	94568
720	23	94760
721	23	94952
722	23	95144
723	23	95336
724	23	95528
725	23	95720
726	23	95912
727	23	96104
728	23	96296
729	23	96488
730	23	96680
731	23	96872
732	23	97064
733	23	97256
734	23	97448
735	23	97640
736	23	97832
737	23	98024
738	23	98216
739	23	98408
740	23	98600
741	23	98792
742	23	98984
743	23	99176
744	23	99368
745	23	99560
746	23	99752
747	23	99944
748	23	100136
749	23	100328
750	23	100520
751	23	100712
752	23	100904
753	23	101096
754	23	101288
755	23	101480
756	23	101672
757	23	101864
758	23	102056
759	23	102248
760	23	102440
761	23	102632
762	23	102824
763	23	103016
764	23	103208
765	23	103400
766	23	103592
767	23	103784
768	23	103976
769	23	104168
770	23	104360
771	23	104552
772	23	104744
773	23	104936
774	23	105128
775	23	105320
776	23	105512
777	23	105704
778	23	105896
779	23	106088
780	23	106280
781	23	106472
782	23	106664
783	23	106856
784	23	107048
785	23	107240
786	23	107432
787	23	107624
788	23	107816
789	23	108008
790	23	108200
791	23	108392
792	23	108584
793	23	108776
794	23	108968
795	23	109160
796	23	109352
797	23	109544
798	23	109736
799	23	109928
800	23	110120
801	23	110312
802	23	110504
803	23	110696
804	23	110888
805	23	111080
806	23	111272
807	23	111464
808	23	111656
809	23	111848
810	23	112040
811	23	112232
812	23	112424
813	23	112616
814	23	112808
815	23	113000
816	23	113192
817	23	113384
818	23	113576
819	23	113768
820	23	113960
821	23	114152
822	23	114344
823	23	114536
824	23	114728
825	23	114920
826	23	115112
827	23	115304
828	23	115496
829	25	115688
830	25	115896
831	25	116104
832	25	116312
833	25	116520
834	25	116728
835	25	116936
836	25	117144
837	25	117352
838	25	117560
839	25	117768
840	25	117976
841	25	118184
842	25	118392
843	25	118600
844	25	118808
845	25	119016
846	25	119224
847	25	119432
848	25	119640
849	25	119848
850	25	120056
851	25	120264
852	25	120472
853	25	120680
854	25	120888
855	25	121096
856	25	121304
857	25	121512
858	25	121720
859	25	121928
860	25	122136
861	25	122344
862	25	122552
863	25	122760
864	25	122968
865	25	123176
866	25	123384
867	25	123592
868	25	123800
869	25	124008
870	25	124216
871	25	124424
872	25	124632
873	25	124840
874	25	125048
875	25	125256
876	25	125464
877	25	125672
878	25	125880
879	25	126088
880	25	126296
881	25	126504
882	25	126712
883	25	126920
884	25	127128
885	25	127336
886	25	127544
887	25	127752
888	25	127960
889	25	128168
890	25	128376
891	25	128584
892	25	128792
893	25	129000
894	25	129208
895	25	129416
896	25	129624
897	25	129832
898	25	130040
899	25	130248
900	25	130456
901	25	130664
902	25	130872
903	25	131080
904	25	131288
905	25	131496
906	25	131704
907	25	131912
908	25	132120
909	25	132328
910	25	132536
911	25	132744
912	25	132952
913	25	133160
914	25	133368
915	25	133576
916	25	133784
917	25	133992
918	25	134200
919	25	134408
920	25	134616
921	25	134824
922	25	135032
923	25	135240
924	25	135448
925	25	135656
926	25	135864
927	25	136072
928	25	136280
929	25	136488
930	25	136696
931	25	136904
932	25	137112
933	25	137320
934	25	137528
935	25	137736
936	25	137944
937	25	138152
938	25	138360
939	25	138568
940	25	138776
941	25	138984
942	25	139192
943	25	139400
944	25	139608
945	25	139816
946	25	140024
947	27	140232
948	27	140456
949	27	140680
950	27	140904
951	27	141128
952	27	141352
953	27	141576
954	27	141800
955	27	142024
956	27	142248
957	27	142472
958	27	142696
959	27	142920
960	27	143144
961	27	143368
962	27	143592
963	27	143816
964	27	144040
965	27	144264
966	27	144488
967	27	144712
968	27	144936
969	27	145160
970	27	145384
971	27	145608
972	27	145832
973	27	146056
974	27	146280
975	27	146504
976	27	146728
977	27	146952
978	27	147176
979	27	147400
980	27	147624
981	27	147848
982	27	148072
983	27	148296
984	27	148520
985	27	148744
986	27	148968
987	27	149192
988	27	149416
989	27	149640
990	27	149864
991	27	150088
992	27	150312
993	27	150536
994	27	150760
995	27	150984
996	27	151208
997	27	151432
998	27	151656
999	27	151880
1000	27	152104
1001	27	152328
1002	27	152552
1003	27	152776
1004	27	153000
1005	27	153224
1006	27	153448
1007	27	153672
1008	27	153896
1009	27	154120
1010	27	154344
1011	27	154568
1012	27	154792
1013	27	155016
1014	27	155240
1015	27	155464
1016	27	155688
1017	27	155912
1018	27	156136
1019	27	156360
1020	27	156584
1021	27	156808
1022	27	157032
1023	27	157256
1024	27	157480
1025	27	157704
1026	27	157928
1027	27	158152
1028	27	158376
1029	27	158600
1030	27	158824
1031	27	159048
1032	27	159272
1033	27	159496
1034	27	159720
1035	27	159944
1036	27	160168
1037	27	160392
1038	27	160616
1039	27	160840
1040	27	161064
1041	27	161288
1042	27	161512
1043	27	161736
1044	27	161960
1045	27	162184
1046	27	162408
1047	27	162632
1048	27	162856
1049	27	163080
1050	27	163304
1051	27	163528
1052	27	163752
1053	27	163976
1054	27	164200
1055	27	164424
1056	27	164648
1057	27	164872
1058	27	165096
1059	27	165320
1060	27	165544
1061	27	165768
1062	27	165992
1063	27	166216
1064	27	166440
1065	29	166664
1066	29	166904
1067	29	167144
1068	29	167384
1069	29	167624
1070	29	167864
1071	29	168104
1072	29	168344
1073	29	168584
1074	29	168824
1075	29	169064
1076	29	169304
1077	29	169544
1078	29	169784
1079	29	170024
1080	29	170264
1081	29	170504
1082	29	170744
1083	29	170984
1084	29	171224
1085	29	171464
1086	29	171704
1087	29	171944
1088	29	172184
1089	29	172424
1090	29	172664
1091	29	172904
1092	29	173144
1093	29	173384
1094	29	173624
1095	29	173864
1096	29	174104
1097	29	174344
1098	29	174584
1099	29	174824
1100	29	175064
1101	29	175304
1102	29	175544
1103	29	175784
1104	29	176024
1105	29	176264
1106	29	176504
1107	29	176744
1108	29	176984
1109	29	177224
1110	29	177464
1111	29	177704
1112	29	177944
1113	29	178184
1114	29	178424
1115	29	178664
1116	29	178904
1117	29	179144
1118	29	179384
1119	29	179624
1120	29	179864
1121	29	180104
1122	29	180344
1123	29	180584
1124	29	180824
1125	29	181064
1126	29	181304
1127	29	181544
1128	29	181784
1129	29	182024
1130	29	182264
1131	29	182504
1132	29	182744
1133	29	182984
1134	29	183224
1135	29	183464
1136	29	183704
1137	29	183944
1138	29	184184
1139	29	184424
1140	29	184664
1141	29	184904
1142	29	185144
1143	29	185384
1144	29	185624
1145	29	185864
1146	29	186104
1147	29	186344
1148	29	186584
1149	29	186824
1150	29	187064
1151	29	187304
1152	29	187544
1153	29	187784
1154	29	188024
1155	29	188264
1156	29	188504
1157	29	188744
1158	29	188984
1159	29	189224
1160	29	189464
1161	29	189704
1162	29	189944
1163	29	190184
1164	29	190424
1165	29	190664
1166	29	190904
1167	29	191144
1168	29	191384
1169	29	191624
1170	29	191864
1171	29	192104
1172	29	192344
1173	29	192584
1174	29	192824
1175	29	193064
1176	29	193304
1177	29	193544
1178	29	193784
1179	29	194024
1180	29	194264
1181	29	194504
1182	31	194744
1183	31	195000
1184	31	195256
1185	31	195512
1186	31	195768
1187	31	196024
1188	31	196280
1189	31	196536
1190	31	196792
1191	31	197048
1192	31	197304
1193	31	197560
1194	31	197816
1195	31	198072
1196	31	198328
1197	31	198584
1198	31	198840
1199	31	199096
1200	31	199352
1201	31	199608
1202	31	199864
1203	31	200120
1204	31	200376
1205	31	200632
1206	31	200888
1207	31	201144
1208	31	201400
1209	31	201656
1210	31	201912
1211	31	202168
1212	31	202424
1213	31	202680
1214	31	202936
1215	31	203192
1216	31	203448
1217	31	203704
1218	31	203960
1219	31	204216
1220	31	204472
1221	31	204728
1222	31	204984
1223	31	205240
1224	31	205496
1225	31	205752
1226	31	206008
1227	31	206264
1228	31	206520
1229	31	206776
1230	31	207032
1231	31	207288
1232	31	207544
1233	31	207800
1234	31	208056
1235	31	208312
1236	31	208568
1237	31	208824
1238	31	209080
1239	31	209336
1240	31	209592
1241	31	209848
1242	31	210104
1243	31	210360
1244	31	210616
1245	31	210872
1246	31	211128
1247	31	211384
1248	31	211640
1249	31	211896
1250	31	212152
1251	31	212408
1252	31	212664
1253	31	212920
1254	31	213176
1255	31	213432
1256	31	213688
1257	31	213944
1258	31	214200
1259	31	214456
1260	31	214712
1261	31	214968
1262	31	215224
1263	31	215480
1264	31	215736
1265	31	215992
1266	31	216248
1267	31	216504
1268	31	216760
1269	31	217016
1270	31	217272
1271	31	217528
1272	31	217784
1273	31	218040
1274	31	218296
1275	31	218552
1276	31	218808
1277	31	219064
1278	31	219320
1279	31	219576
1280	31	219832
1281	31	220088
1282	31	220344
1283	31	220600
1284	31	220856
1285	31	221112
1286	31	221368
1287	31	221624
1288	31	221880
1289	31	222136
1290	31	222392
1291	31	222648
1292	31	222904
1293	31	223160
1294	31	223416
1295	31	223672
1296	31	223928
1297	31	224184
1298	31	224440
1299	31	224696
1300	33	224952
1301	33	225224
1302	33	225496
1303	33	225768
1304	33	226040
1305	33	226312
1306	33	226584
1307	33	226856
1308	33	227128
1309	33	227400
1310	33	227672
1311	33	227944
1312	33	228216
1313	33	228488
1314	33	228760
1315	33	229032
1316	33	229304
1317	33	229576
1318	33	229848
1319	33	230120
1320	33	230392
1321	33	230664
1322	33	230936
1323	33	231208
1324	33	231480
1325	33	231752
1326	33	232024
1327	33	232296
1328	33	232568
1329	33	232840
1330	33	233112
1331	33	233384
1332	33	233656
1333	33	233928
1334	33	234200
1335	33	234472
1336	33	234744
1337	33	235016
1338	33	235288
1339	33	235560
1340	33	235832
1341	33	236104
1342	33	236376
1343	33	236648
1344	33	236920
1345	33	237192
1346	33	237464
1347	33	237736
1348	33	238008
1349	33	238280
1350	33	238552
1351	33	238824
1352	33	239096
1353	33	239368
1354	33	239640
1355	33	239912
1356	33	240184
1357	33	240456
1358	33	240728
1359	33	241000
1360	33	241272
1361	33	241544
1362	33	241816
1363	33	242088
1364	33	242360
1365	33	242632
1366	33	242904
1367	33	243176
1368	33	243448
1369	33	243720
1370	33	243992
1371	33	244264
1372	33	244536
1373	33	244808
1374	33	245080
1375	33	245352
1376	33	245624
1377	33	245896
1378	33	246168
1379	33	246440
1380	33	246712
1381	33	246984
1382	33	247256
1383	33	247528
1384	33	247800
1385	33	248072
1386	33	248344
1387	33	248616
1388	33	248888
1389	33	249160
1390	33	249432
1391	33	249704
1392	33	249976
1393	33	250248
1394	33	250520
1395	33	250792
1396	33	251064
1397	33	251336
1398	33	251608
1399	33	251880
1400	33	252152
1401	33	252424
1402	33	252696
1403	33	252968
1404	33	253240
1405	33	253512
1406	33	253784
1407	33	254056
1408	33	254328
1409	33	254600
1410	33	254872
1411	33	255144
1412	33	255416
1413	33	255688
1414	33	255960
1415	33	256232
1416	33	256504
1417	35	256776
1418	35	257064
1419	35	257352
1420	35	257640
1421	35	257928
1422	35	258216
1423	35	258504
1424	35	258792
1425	35	259080
1426	35	259368
1427	35	259656
1428	35	259944
1429	35	260232
1430	35	260520
1431	35	260808
1432	35	261096
1433	35	261384
1434	35	261672
1435	35	261960
1436	35	262248
1437	35	262536
1438	35	262824
1439	35	263112
1440	35	263400
1441	35	263688
1442	35	263976
1443	35	264264
1444	35	264552
1445	35	264840
1446	35	265128
1447	35	265416
1448	35	265704
1449	35	265992
1450	35	266280
1451	35	266568
1452	35	266856
1453	35	267144
1454	35	267432
1455	35	267720
1456	35	268008
1457	35	268296
1458	35	268584
1459	35	268872
1460	35	269160
1461	35	269448
1462	35	269736
1463	35	270024
1464	35	270312
1465	35	270600
1466	35	270888
1467	35	271176
1468	35	271464
1469	35	271752
1470	35	272040
1471	35	272328
1472	35	272616
1473	35	272904
1474	35	273192
1475	35	273480
1476	35	273768
1477	35	274056
1478	35	274344
1479	35	274632
1480	35	274920
1481	35	275208
1482	35	275496
1483	35	275784
1484	35	276072
1485	35	276360
1486	35	276648
1487	35	276936
1488	35	277224
1489	35	277512
1490	35	277800
1491	35	278088
1492	35	278376
1493	35	278664
1494	35	278952
1495	35	279240
1496	35	279528
1497	35	279816
1498	35	280104
1499	35	280392
1500	35	280680
1501	35	280968
1502	35	281256
1503	35	281544
1504	35	281832
1505	35	282120
1506	35	282408
1507	35	282696
1508	35	282984
1509	35	283272
1510	35	283560
1511	35	283848
1512	35	284136
1513	35	284424
1514	35	284712
1515	35	285000
1516	35	285288
1517	35	285576
1518	35	285864
1519	35	286152
1520	35	286440
1521	35	286728
1522	35	287016
1523	35	287304
1524	35	287592
1525	35	287880
1526	35	288168
1527	35	288456
1528	35	288744
1529	35	289032
1530	35	289320
1531	35	289608
1532	35	289896
1533	35	290184
1534	35	290472
1535	37	290760
1536	37	291064
1537	37	291368
1538	37	291672
1539	37	291976
1540	37	292280
1541	37	292584
1542	37	292888
1543	37	293192
1544	37	293496
1545	37	293800
1546	37	294104
1547	37	294408
1548	37	294712
1549	37	295016
1550	37	295320
1551	37	295624
1552	37	295928
1553	37	296232
1554	37	296536
1555	37	296840
1556	37	297144
1557	37	297448
1558	37	297752
1559	37	298056
1560	37	298360
1561	37	298664
1562	37	298968
1563	37	299272
1564	37	299576
1565	37	299880
1566	37	300184
1567	37	300488
1568	37	300792
1569	37	301096
1570	37	301400
1571	37	301704
1572	37	302008
1573	37	302312
1574	37	302616
1575	37	302920
1576	37	303224
1577	37	303528
1578	37	303832
1579	37	304136
1580	37	304440
1581	37	304744
1582	37	305048
1583	37	305352
1584	37	305656
1585	37	305960
1586	37	306264
1587	37	306568
1588	37	306872
1589	37	307176
1590	37	307480
1591	37	307784
1592	37	308088
1593	37	308392
1594	37	308696
1595	37	309000
1596	37	309304
1597	37	309608
1598	37	309912
1599	37	310216
1600	37	310520
1601	37	310824
1602	37	311128
1603	37	311432
1604	37	311736
1605	37	312040
1606	37	312344
1607	37	312648
1608	37	312952
1609	37	313256
1610	37	313560
1611	37	313864
1612	37	314168
1613	37	314472
1614	37	314776
1615	37	315080
1616	37	315384
1617	37	315688
1618	37	315992
1619	37	316296
1620	37	316600
1621	37	316904
1622	37	317208
1623	37	317512
1624	37	317816
1625	37	318120
1626	37	318424
1627	37	318728
1628	37	319032
1629	37	319336
1630	37	319640
1631	37	319944
1632	37	320248
1633	37	320552
1634	37	320856
1635	37	321160
1636	37	321464
1637	37	321768
1638	37	322072
1639	37	322376
1640	37	322680
1641	37	322984
1642	37	323288
1643	37	323592
1644	37	323896
1645	37	324200
1646	37	324504
1647	37	324808
1648	37	325112
1649	37	325416
1650	37	325720
1651	37	326024
1652	39	326328
1653	39	326648
1654	39	326968
1655	39	327288
1656	39	327608
1657	39	327928
1658	39	328248
1659	39	328568
1660	39	328888
1661	39	329208
1662	39	329528
1663	39	329848
1664	39	330168
1665	39	330488
1666	39	330808
1667	39	331128
1668	39	331448
1669	39	331768
1670	39	332088
1671	39	332408
1672	39	332728
1673	39	333048
1674	39	333368
1675	39	333688
1676	39	334008
1677	39	334328
1678	39	334648
1679	39	334968
1680	39	335288
1681	39	335608
1682	39	335928
1683	39	336248
1684	39	336568
1685	39	336888
1686	39	337208
1687	39	337528
1688	39	337848
1689	39	338168
1690	39	338488
1691	39	338808
1692	39	339128
1693	39	339448
1694	39	339768
1695	39	340088
1696	39	340408
1697	39	340728
1698	39	341048
1699	39	341368
1700	39	341688
1701	39	342008
1702	39	342328
1703	39	342648
1704	39	342968
1705	39	343288
1706	39	343608
1707	39	343928
1708	39	344248
1709	39	344568
1710	39	344888
1711	39	345208
1712	39	345528
1713	39	345848
1714	39	346168
1715	39	346488
1716	39	346808
1717	39	347128
1718	39	347448
1719	39	347768
1720	39	348088
1721	39	348408
1722	39	348728
1723	39	349048
1724	39	349368
1725	39	349688
1726	39	350008
1727	39	350328
1728	39	350648
1729	39	350968
1730	39	351288
1731	39	351608
1732	39	351928
1733	39	352248
1734	39	352568
1735	39	352888
1736	39	353208
1737	39	353528
1738	39	353848
1739	39	354168
1740	39	354488
1741	39	354808
1742	39	355128
1743	39	355448
1744	39	355768
1745	39	356088
1746	39	356408
1747	39	356728
1748	39	357048
1749	39	357368
1750	39	357688
1751	39	358008
1752	39	358328
1753	39	358648
1754	39	358968
1755	39	359288
1756	39	359608
1757	39	359928
1758	39	360248
1759	39	360568
1760	39	360888
1761	39	361208
1762	39	361528
1763	39	361848
1764	39	362168
1765	39	362488
1766	39	362808
1767	39	363128
1768	41	363448
1769	41	363784
1770	41	364120
1771	41	364456
1772	41	364792
1773	41	365128
1774	41	365464
1775	41	365800
1776	41	366136
1777	41	366472
1778	41	366808
1779	41	367144
1780	41	367480
1781	41	367816
1782	41	368152
1783	41	368488
1784	41	368824
1785	41	369160
1786	41	369496
1787	41	369832
1788	41	370168
1789	41	370504
1790	41	370840
1791	41	371176
1792	41	371512
1793	41	371848
1794	41	372184
1795	41	372520
1796	41	372856
1797	41	373192
1798	41	373528
1799	41	373864
1800	41	374200
1801	41	374536
1802	41	374872
1803	41	375208
1804	41	375544
1805	41	375880
1806	41	376216
1807	41	376552
1808	41	376888
1809	41	377224
1810	41	377560
1811	41	377896
1812	41	378232
1813	41	378568
1814	41	378904
1815	41	379240
1816	41	379576
1817	41	379912
1818	41	380248
1819	41	380584
1820	41	380920
1821	41	381256
1822	41	381592
1823	41	381928
1824	41	382264
1825	41	382600
1826	41	382936
1827	41	383272
1828	41	383608
1829	41	383944
1830	41	384280
1831	41	384616
1832	41	384952
1833	41	385288
1834	41	385624
1835	41	385960
1836	41	386296
1837	41	386632
1838	41	386968
1839	41	387304
1840	41	387640
1841	41	387976
1842	41	388312
1843	41	388648
1844	41	388984
1845	41	389320
1846	41	389656
1847	41	389992
1848	41	390328
1849	41	390664
1850	41	391000
1851	41	391336
1852	41	391672
1853	41	392008
1854	41	392344
1855	41	392680
1856	41	393016
1857	41	393352
1858	41	393688
1859	41	394024
1860	41	394360
1861	41	394696
1862	41	395032
1863	41	395368
1864	41	395704
1865	41	396040
1866	41	396376
1867	41	396712
1868	41	397048
1869	41	397384
1870	41	397720
1871	41	398056
1872	41	398392
1873	41	398728
1874	41	399064
1875	41	399400
1876	41	399736
1877	41	400072
1878	41	400408
1879	41	400744
1880	41	401080
1881	41	401416
1882	41	401752
1883	41	402088
1884	41	402424
1885	43	402760
1886	43	403112
1887	43	403464
1888	43	403816
1889	43	404168
1890	43	404520
1891	43	404872
1892	43	405224
1893	43	405576
1894	43	405928
1895	43	406280
1896	43	406632
1897	43	406984
1898	43	407336
1899	43	407688
1900	43	408040
1901	43	408392
1902	43	408744
1903	43	409096
1904	43	409448
1905	43	409800
1906	43	410152
1907	43	410504
1908	43	410856
1909	43	411208
1910	43	411560
1911	43	411912
1912	43	412264
1913	43	412616
1914	43	412968
1915	43	413320
1916	43	413672
1917	43	414024
1918	43	414376
1919	43	414728
1920	43	415080
1921	43	415432
1922	43	415784
1923	43	416136
1924	43	416488
1925	43	416840
1926	43	417192
1927	43	417544
1928	43	417896
1929	43	418248
1930	43	418600
1931	43	418952
1932	43	419304
1933	43	419656
1934	43	420008
1935	43	420360
1936	43	420712
1937	43	421064
1938	43	421416
1939	43	421768
1940	43	422120
1941	43	422472
1942	43	422824
1943	43	423176
1944	43	423528
1945	43	423880
1946	43	424232
1947	43	424584
1948	43	424936
1949	43	425288
1950	43	425640
1951	43	425992
1952	43	426344
1953	43	426696
1954	43	427048
1955	43	427400
1956	43	427752
1957	43	428104
1958	43	428456
1959	43	428808
1960	43	429160
1961	43	429512
1962	43	429864
1963	43	430216
1964	43	430568
1965	43	430920
1966	43	431272
1967	43	431624
1968	43	431976
1969	43	432328
1970	43	432680
1971	43	433032
1972	43	433384
1973	43	433736
1974	43	434088
1975	43	434440
1976	43	434792
1977	43	435144
1978	43	435496
1979	43	435848
1980	43	436200
1981	43	436552
1982	43	436904
1983	43	437256
1984	43	437608
1985	43	437960
1986	43	438312
1987	43	438664
1988	43	439016
1989	43	439368
1990	43	439720
1991	43	440072
1992	43	440424
1993	43	440776
1994	43	441128
1995	43	441480
1996	43	441832
1997	43	442184
1998	43	442536
1999	43	442888
2000	43	443240
2001	45	443592
2002	45	443960
2003	45	444328
2004	45	444696
2005	45	445064
2006	45	445432
2007	45	445800
2008	45	446168
2009	45	446536
2010	45	446904
2011	45	447272
2012	45	447640
2013	45	448008
2014	45	448376
2015	45	448744
2016	45	449112
2017	45	449480
2018	45	449848
2019	45	450216
2020	45	450584
2021	45	450952
2022	45	451320
2023	45	451688
2024	45	452056
2025	45	452424
2026	45	452792
2027	45	453160
2028	45	453528
2029	45	453896
2030	45	454264
2031	45	454632
2032	45	455000
2033	45	455368
2034	45	455736
2035	45	456104
2036	45	456472
2037	45	456840
2038	45	457208
2039	45	457576
2040	45	457944
2041	45	458312
2042	45	458680
2043	45	459048
2044	45	459416
2045	45	459784
2046	45	460152
2047	45	460520
2048	45	460888
2049	45	461256
2050	45	461624
2051	45	461992
2052	45	462360
2053	45	462728
2054	45	463096
2055	45	463464
2056	45	463832
2057	45	464200
2058	45	464568
2059	45	464936
2060	45	465304
2061	45	465672
2062	45	466040
2063	45	466408
2064	45	466776
2065	45	467144
2066	45	467512
2067	45	467880
2068	45	468248
2069	45	468616
2070	45	468984
2071	45	469352
2072	45	469720
2073	45	470088
2074	45	470456
2075	45	470824
2076	45	471192
2077	45	471560
2078	45	471928
2079	45	472296
2080	45	472664
2081	45	473032
2082	45	473400
2083	45	473768
2084	45	474136
2085	45	474504
2086	45	474872
2087	45	475240
2088	45	475608
2089	45	475976
2090	45	476344
2091	45	476712
2092	45	477080
2093	45	477448
2094	45	477816
2095	45	478184
2096	45	478552
2097	45	478920
2098	45	479288
2099	45	479656
2100	45	480024
2101	45	480392
2102	45	480760
2103	45	481128
2104	45	481496
2105	45	481864
2106	45	482232
2107	45	482600
2108	45	482968
2109	45	483336
2110	45	483704
2111	45	484072
2112	45	484440
2113	45	484808
2114	45	485176
2115	45	485544
2116	47	485912
2117	47	486296
2118	47	486680
2119	47	487064
2120	47	487448
2121	47	487832
2122	47	488216
2123	47	488600
2124	47	488984
2125	47	489368
2126	47	489752
2127	47	490136
2128	47	490520
2129	47	490904
2130	47	491288
2131	47	491672
2132	47	492056
2133	47	492440
2134	47	492824
2135	47	493208
2136	47	493592
2137	47	493976
2138	47	494360
2139	47	494744
2140	47	495128
2141	47	495512
2142	47	495896
2143	47	496280
2144	47	496664
2145	47	497048
2146	47	497432
2147	47	497816
2148	47	498200
2149	47	498584
2150	47	498968
2151	47	499352
2152	47	499736
2153	47	500120
2154	47	500504
2155	47	500888
2156	47	501272
2157	47	501656
2158	47	502040
2159	47	502424
2160	47	502808
2161	47	503192
2162	47	503576
2163	47	503960
2164	47	504344
2165	47	504728
2166	47	505112
2167	47	505496
2168	47	505880
2169	47	506264
2170	47	506648
2171	47	507032
2172	47	507416
2173	47	507800
2174	47	508184
2175	47	508568
2176	47	508952
2177	47	509336
2178	47	509720
2179	47	510104
2180	47	510488
2181	47	510872
2182	47	511256
2183	47	511640
2184	47	512024
2185	47	512408
2186	47	512792
2187	47	513176
2188	47	513560
2189	47	513944
2190	47	514328
2191	47	514712
2192	47	515096
2193	47	515480
2194	47	515864
2195	47	516248
2196	47	516632
2197	47	517016
2198	47	517400
2199	47	517784
2200	47	518168
2201	47	518552
2202	47	518936
2203	47	519320
2204	47	519704
2205	47	520088
2206	47	520472
2207	47	520856
2208	47	521240
2209	47	521624
2210	47	522008
2211	47	522392
2212	47	522776
2213	47	523160
2214	47	523544
2215	47	523928
2216	47	524312
2217	47	524696
2218	47	525080
2219	47	525464
2220	47	525848
2221	47	526232
2222	47	526616
2223	47	527000
2224	47	527384
2225	47	527768
2226	47	528152
2227	47	528536
2228	47	528920
2229	47	529304
2230	47	529688
2231	47	530072
2232	49	530456
2233	49	530856
2234	49	531256
2235	49	531656
2236	49	532056
2237	49	532456
2238	49	532856
2239	49	533256
2240	49	533656
2241	49	534056
2242	49	534456
2243	49	534856
2244	49	535256
2245	49	535656
2246	49	536056
2247	49	536456
2248	49	536856
2249	49	537256
2250	49	537656
2251	49	538056
2252	49	538456
2253	49	538856
2254	49	539256
2255	49	539656
2256	49	540056
2257	49	540456
2258	49	540856
2259	49	541256
2260	49	541656
2261	49	542056
2262	49	542456
2263	49	542856
2264	49	543256
2265	49	543656
2266	49	544056
2267	49	544456
2268	49	544856
2269	49	545256
2270	49	545656
2271	49	546056
2272	49	546456
2273	49	546856
2274	49	547256
2275	49	547656
2276	49	548056
2277	49	548456
2278	49	548856
2279	49	549256
2280	49	549656
2281	49	550056
2282	49	550456
2283	49	550856
2284	49	551256
2285	49	551656
2286	49	552056
2287	49	552456
2288	49	552856
2289	49	553256
2290	49	553656
2291	49	554056
2292	49	554456
2293	49	554856
2294	49	555256
2295	49	555656
2296	49	556056
2297	49	556456
2298	49	556856
2299	49	557256
2300	49	557656
2301	49	558056
2302	49	558456
2303	49	558856
2304	49	559256
2305	49	559656
2306	49	560056
2307	49	560456
2308	49	560856
2309	49	561256
2310	49	561656
2311	49	562056
2312	49	562456
2313	49	562856
2314	49	563256
2315	49	563656
2316	49	564056
2317	49	564456
2318	49	564856
2319	49	565256
2320	49	565656
2321	49	566056
2322	49	566456
2323	49	566856
2324	49	567256
2325	49	567656
2326	49	568056
2327	49	568456
2328	49	568856
2329	49	569256
2330	49	569656
2331	49	570056
2332	49	570456
2333	49	570856
2334	49	571256
2335	49	571656
2336	49	572056
2337	49	572456
2338	49	572856
2339	49	573256
2340	49	573656
2341	49	574056
2342	49	574456
2343	49	574856
2344	49	575256
2345	49	575656
2346	49	576056
2347	51	576456
2348	51	576872
2349	51	577288
2350	51	577704
2351	51	578120
2352	51	578536
2353	51	578952
2354	51	579368
2355	51	579784
2356	51	580200
2357	51	580616
2358	51	581032
2359	51	581448
2360	51	581864
2361	51	582280
2362	51	582696
2363	51	583112
2364	51	583528
2365	51	583944
2366	51	584360
2367	51	584776
2368	51	585192
2369	51	585608
2370	51	586024
2371	51	586440
2372	51	586856
2373	51	587272
2374	51	587688
2375	51	588104
2376	51	588520
2377	51	588936
2378	51	589352
2379	51	589768
2380	51	590184
2381	51	590600
2382	51	591016
2383	51	591432
2384	51	591848
2385	51	592264
2386	51	592680
2387	51	593096
2388	51	593512
2389	51	593928
2390	51	594344
2391	51	594760
2392	51	595176
2393	51	595592
2394	51	596008
2395	51	596424
2396	51	596840
2397	51	597256
2398	51	597672
2399	51	598088
2400	51	598504
2401	51	598920
2402	51	599336
2403	51	599752
2404	51	600168
2405	51	600584
2406	51	601000
2407	51	601416
2408	51	601832
2409	51	602248
2410	51	602664
2411	51	603080
2412	51	603496
2413	51	603912
2414	51	604328
2415	51	604744
2416	51	605160
2417	51	605576
2418	51	605992
2419	51	606408
2420	51	606824
2421	51	607240
2422	51	607656
2423	51	608072
2424	51	608488
2425	51	608904
2426	51	609320
2427	51	609736
2428	51	610152
2429	51	610568
2430	51	610984
2431	51	611400
2432	51	611816
2433	51	612232
2434	51	612648
2435	51	613064
2436	51	613480
2437	51	613896
2438	51	614312
2439	51	614728
2440	51	615144
2441	51	615560
2442	51	615976
2443	51	616392
2444	51	616808
2445	51	617224
2446	51	617640
2447	51	618056
2448	51	618472
2449	51	618888
2450	51	619304
2451	51	619720
2452	51	620136
2453	51	620552
2454	51	620968
2455	51	621384
2456	51	621800
2457	51	622216
2458	51	622632
2459	51	623048
2460	51	623464
2461	53	623880
2462	53	624312
2463	53	624744
2464	53	625176
2465	53	625608
2466	53	626040
2467	53	626472
2468	53	626904
2469	53	627336
2470	53	627768
2471	53	628200
2472	53	628632
2473	53	629064
2474	53	629496
2475	53	629928
2476	53	630360
2477	53	630792
2478	53	631224
2479	53	631656
2480	53	632088
2481	53	632520
2482	53	632952
2483	53	633384
2484	53	633816
2485	53	634248
2486	53	634680
2487	53	635112
2488	53	635544
2489	53	635976
2490	53	636408
2491	53	636840
2492	53	637272
2493	53	637704
2494	53	638136
2495	53	638568
2496	53	639000
2497	53	639432
2498	53	639864
2499	53	640296
2500	53	640728
2501	53	641160
2502	53	641592
2503	53	642024
2504	53	642456
2505	53	642888
2506	53	643320
2507	53	643752
2508	53	644184
2509	53	644616
2510	53	645048
2511	53	645480
2512	53	645912
2513	53	646344
2514	53	646776
2515	53	647208
2516	53	647640
2517	53	648072
2518	53	648504
2519	53	648936
2520	53	649368
2521	53	649800
2522	53	650232
2523	53	650664
2524	53	651096
2525	53	651528
2526	53	651960
2527	53	652392
2528	53	652824
2529	53	653256
2530	53	653688
2531	53	654120
2532	53	654552
2533	53	654984
2534	53	655416
2535	53	655848
2536	53	656280
2537	53	656712
2538	53	657144
2539	53	657576
2540	53	658008
2541	53	658440
2542	53	658872
2543	53	659304
2544	53	659736
2545	53	660168
2546	53	660600
2547	53	661032
2548	53	661464
2549	53	661896
2550	53	662328
2551	53	662760
2552	53	663192
2553	53	663624
2554	53	664056
2555	53	664488
2556	53	664920
2557	53	665352
2558	53	665784
2559	53	666216
2560	53	666648
2561	53	667080
2562	53	667512
2563	53	667944
2564	53	668376
2565	53	668808
2566	53	669240
2567	53	669672
2568	53	670104
2569	53	670536
2570	53	670968
2571	53	671400
2572	53	671832
2573	53	672264
2574	53	672696
2575	53	673128
2576	55	673560
2577	55	674008
2578	55	674456
2579	55	674904
2580	55	675352
2581	55	675800
2582	55	676248
2583	55	676696
2584	55	677144
2585	55	677592
2586	55	678040
2587	55	678488
2588	55	678936
2589	55	679384
2590	55	679832
2591	55	680280
2592	55	680728
2593	55	681176
2594	55	681624
2595	55	682072
2596	55	682520
2597	55	682968
2598	55	683416
2599	55	683864
2600	55	684312
2601	55	684760
2602	55	685208
2603	55	685656
2604	55	686104
2605	55	686552
2606	55	687000
2607	55	687448
2608	55	687896
2609	55	688344
2610	55	688792
2611	55	689240
2612	55	689688
2613	55	690136
2614	55	690584
2615	55	691032
2616	55	691480
2617	55	691928
2618	55	692376
2619	55	692824
2620	55	693272
2621	55	693720
2622	55	694168
2623	55	694616
2624	55	695064
2625	55	695512
2626	55	695960
2627	55	696408
2628	55	696856
2629	55	697304
2630	55	697752
2631	55	698200
2632	55	698648
2633	55	699096
2634	55	699544
2635	55	699992
2636	55	700440
2637	55	700888
2638	55	701336
2639	55	701784
2640	55	702232
2641	55	702680
2642	55	703128
2643	55	703576
2644	55	704024
2645	55	704472
2646	55	704920
2647	55	705368
2648	55	705816
2649	55	706264
2650	55	706712
2651	55	707160
2652	55	707608
2653	55	708056
2654	55	708504
2655	55	708952
2656	55	709400
2657	55	709848
2658	55	710296
2659	55	710744
2660	55	711192
2661	55	711640
2662	55	712088
2663	55	712536
2664	55	712984
2665	55	713432
2666	55	713880
2667	55	714328
2668	55	714776
2669	55	715224
2670	55	715672
2671	55	716120
2672	55	716568
2673	55	717016
2674	55	717464
2675	55	717912
2676	55	718360
2677	55	718808
2678	55	719256
2679	55	719704
2680	55	720152
2681	55	720600
2682	55	721048
2683	55	721496
2684	55	721944
2685	55	722392
2686	55	722840
2687	55	723288
2688	55	723736
2689	55	724184
2690	57	724632
2691	57	725096
2692	57	725560
2693	57	726024
2694	57	726488
2695	57	726952
2696	57	727416
2697	57	727880
2698	57	728344
2699	57	728808
2700	57	729272
2701	57	729736
2702	57	730200
2703	57	730664
2704	57	731128
2705	57	731592
2706	57	732056
2707	57	732520
2708	57	732984
2709	57	733448
2710	57	733912
2711	57	734376
2712	57	734840
2713	57	735304
2714	57	735768
2715	57	736232
2716	57	736696
2717	57	737160
2718	57	737624
2719	57	738088
2720	57	738552
2721	57	739016
2722	57	739480
2723	57	739944
2724	57	740408
2725	57	740872
2726	57	741336
2727	57	741800
2728	57	742264
2729	57	742728
2730	57	743192
2731	57	743656
2732	57	744120
2733	57	744584
2734	57	745048
2735	57	745512
2736	57	745976
2737	57	746440
2738	57	746904
2739	57	747368
2740	57	747832
2741	57	748296
2742	57	748760
2743	57	749224
2744	57	749688
2745	57	750152
2746	57	750616
2747	57	751080
2748	57	751544
2749	57	752008
2750	57	752472
2751	57	752936
2752	57	753400
2753	57	753864
2754	57	754328
2755	57	754792
2756	57	755256
2757	57	755720
2758	57	756184
2759	57	756648
2760	57	757112
2761	57	757576
2762	57	758040
2763	57	758504
2764	57	758968
2765	57	759432
2766	57	759896
2767	57	760360
2768	57	760824
2769	57	761288
2770	57	761752
2771	57	762216
2772	57	762680
2773	57	763144
2774	57	763608
2775	57	764072
2776	57	764536
2777	57	765000
2778	57	765464
2779	57	765928
2780	57	766392
2781	57	766856
2782	57	767320
2783	57	767784
2784	57	768248
2785	57	768712
2786	57	769176
2787	57	769640
2788	57	770104
2789	57	770568
2790	57	771032
2791	57	771496
2792	57	771960
2793	57	772424
2794	57	772888
2795	57	773352
2796	57	773816
2797	57	774280
2798	57	774744
2799	57	775208
2800	57	775672
2801	57	776136
2802	57	776600
2803	57	777064
2804	59	777528
2805	59	778008
2806	59	778488
2807	59	778968
2808	59	779448
2809	59	779928
2810	59	780408
2811	59	780888
2812	59	781368
2813	59	781848
2814	59	782328
2815	59	782808
2816	59	783288
2817	59	783768
2818	59	784248
2819	59	784728
2820	59	785208
2821	59	785688
2822	59	786168
2823	59	786648
2824	59	787128
2825	59	787608
2826	59	788088
2827	59	788568
2828	59	789048
2829	59	789528
2830	59	790008
2831	59	790488
2832	59	790968
2833	59	791448
2834	59	791928
2835	59	792408
2836	59	792888
2837	59	793368
2838	59	793848
2839	59	794328
2840	59	794808
2841	59	795288
2842	59	795768
2843	59	796248
2844	59	796728
2845	59	797208
2846	59	797688
2847	59	798168
2848	59	798648
2849	59	799128
2850	59	799608
2851	59	800088
2852	59	800568
2853	59	801048
2854	59	801528
2855	59	802008
2856	59	802488
2857	59	802968
2858	59	803448
2859	59	803928
2860	59	804408
2861	59	804888
2862	59	805368
2863	59	805848
2864	59	806328
2865	59	806808
2866	59	807288
2867	59	807768
2868	59	808248
2869	59	808728
2870	59	809208
2871	59	809688
2872	59	810168
2873	59	810648
2874	59	811128
2875	59	811608
2876	59	812088
2877	59	812568
2878	59	813048
2879	59	813528
2880	59	814008
2881	59	814488
2882	59	814968
2883	59	815448
2884	59	815928
2885	59	816408
2886	59	816888
2887	59	817368
2888	59	817848
2889	59	818328
2890	59	818808
2891	59	819288
2892	59	819768
2893	59	820248
2894	59	820728
2895	59	821208
2896	59	821688
2897	59	822168
2898	59	822648
2899	59	823128
2900	59	823608
2901	59	824088
2902	59	824568
2903	59	825048
2904	59	825528
2905	59	826008
2906	59	826488
2907	59	826968
2908	59	827448
2909	59	827928
2910	59	828408
2911	59	828888
2912	59	829368
2913	59	829848
2914	59	830328
2915	59	830808
2916	59	831288
2917	59	831768
2918	61	832248
2919	61	832744
2920	61	833240
2921	61	833736
2922	61	834232
2923	61	834728
2924	61	835224
2925	61	835720
2926	61	836216
2927	61	836712
2928	61	837208
2929	61	837704
2930	61	838200
2931	61	838696
2932	61	839192
2933	61	839688
2934	61	840184
2935	61	840680
2936	61	841176
2937	61	841672
2938	61	842168
2939	61	842664
2940	61	843160
2941	61	843656
2942	61	844152
2943	61	844648
2944	61	845144
2945	61	845640
2946	61	846136
2947	61	846632
2948	61	847128
2949	61	847624
2950	61	848120
2951	61	848616
2952	61	849112
2953	61	849608
2954	61	850104
2955	61	850600
2956	61	851096
2957	61	851592
2958	61	852088
2959	61	852584
2960	61	853080
2961	61	853576
2962	61	854072
2963	61	854568
2964	61	855064
2965	61	855560
2966	61	856056
2967	61	856552
2968	61	857048
2969	61	857544
2970	61	858040
2971	61	858536
2972	61	859032
2973	61	859528
2974	61	860024
2975	61	860520
2976	61	861016
2977	61	861512
2978	61	862008
2979	61	862504
2980	61	863000
2981	61	863496
2982	61	863992
2983	61	864488
2984	61	864984
2985	61	865480
2986	61	865976
2987	61	866472
2988	61	866968
2989	61	867464
2990	61	867960
2991	61	868456
2992	61	868952
2993	61	869448
2994	61	869944
2995	61	870440
2996	61	870936
2997	61	871432
2998	61	871928
2999	61	872424
3000	61	872920
3001	61	873416
3002	61	873912
3003	61	874408
3004	61	874904
3005	61	875400
3006	61	875896
3007	61	876392
3008	61	876888
3009	61	877384
3010	61	877880
3011	61	878376
3012	61	878872
3013	61	879368
3014	61	879864
3015	61	880360
3016	61	880856
3017	61	881352
3018	61	881848
3019	61	882344
3020	61	882840
3021	61	883336
3022	61	883832
3023	61	884328
3024	61	884824
3025	61	885320
3026	61	885816
3027	61	886312
3028	61	886808
3029	61	887304
3030	61	887800
3031	63	888296
3032	63	888808
3033	63	889320
3034	63	889832
3035	63	890344
3036	63	890856
3037	63	891368
3038	63	891880
3039	63	892392
3040	63	892904
3041	63	893416
3042	63	893928
3043	63	894440
3044	63	894952
3045	63	895464
3046	63	895976
3047	63	896488
3048	63	897000
3049	63	897512
3050	63	898024
3051	63	898536
3052	63	899048
3053	63	899560
3054	63	900072
3055	63	900584
3056	63	901096
3057	63	901608
3058	63	902120
3059	63	902632
3060	63	903144
3061	63	903656
3062	63	904168
3063	63	904680
3064	63	905192
3065	63	905704
3066	63	906216
3067	63	906728
3068	63	907240
3069	63	907752
3070	63	908264
3071	63	908776
3072	63	909288
3073	63	909800
3074	63	910312
3075	63	910824
3076	63	911336
3077	63	911848
3078	63	912360
3079	63	912872
3080	63	913384
3081	63	913896
3082	63	914408
3083	63	914920
3084	63	915432
3085	63	915944
3086	63	916456
3087	63	916968
3088	63	917480
3089	63	917992
3090	63	918504
3091	63	919016
3092	63	919528
3093	63	920040
3094	63	920552
3095	63	921064
3096	63	921576
3097	63	922088
3098	63	922600
3099	63	923112
3100	63	923624
3101	63	924136
3102	63	924648
3103	63	925160
3104	63	925672
3105	63	926184
3106	63	926696
3107	63	927208
3108	63	927720
3109	63	928232
3110	63	928744
3111	63	929256
3112	63	929768
3113	63	930280
3114	63	930792
3115	63	931304
3116	63	931816
3117	63	932328
3118	63	932840
3119	63	933352
3120	63	933864
3121	63	934376
3122	63	934888
3123	63	935400
3124	63	935912
3125	63	936424
3126	63	936936
3127	63	937448
3128	63	937960
3129	63	938472
3130	63	938984
3131	63	939496
3132	63	940008
3133	63	940520
3134	63	941032
3135	63	941544
3136	63	942056
3137	63	942568
3138	63	943080
3139	63	943592
3140	63	944104
3141	63	944616
3142	63	945128
3143	63	945640
3144	65	946152
3145	65	946680
3146	65	947208
3147	65	947736
3148	65	948264
3149	65	948792
3150	65	949320
3151	65	949848
3152	65	950376
3153	65	950904
3154	65	951432
3155	65	951960
3156	65	952488
3157	65	953016
3158	65	953544
3159	65	954072
3160	65	954600
3161	65	955128
3162	65	955656
3163	65	956184
3164	65	956712
3165	65	957240
3166	65	957768
3167	65	958296
3168	65	958824
3169	65	959352
3170	65	959880
3171	65	960408
3172	65	960936
3173	65	961464
3174	65	961992
3175	65	962520
3176	65	963048
3177	65	963576
3178	65	964104
3179	65	964632
3180	65	965160
3181	65	965688
3182	65	966216
3183	65	966744
3184	65	967272
3185	65	967800
3186	65	968328
3187	65	968856
3188	65	969384
3189	65	969912
3190	65	970440
3191	65	970968
3192	65	971496
3193	65	972024
3194	65	972552
3195	65	973080
3196	65	973608
3197	65	974136
3198	65	974664
3199	65	975192
3200	65	975720
3201	65	976248
3202	65	976776
3203	65	977304
3204	65	977832
3205	65	978360
3206	65	978888
3207	65	979416
3208	65	979944
3209	65	980472
3210	65	981000
3211	65	981528
3212	65	982056
3213	65	982584
3214	65	983112
3215	65	983640
3216	65	984168
3217	65	984696
3218	65	985224
3219	65	985752
3220	65	986280
3221	65	986808
3222	65	987336
3223	65	987864
3224	65	988392
3225	65	988920
3226	65	989448
3227	65	989976
3228	65	990504
3229	65	991032
3230	65	991560
3231	65	992088
3232	65	992616
3233	65	993144
3234	65	993672
3235	65	994200
3236	65	994728
3237	65	995256
3238	65	995784
3239	65	996312
3240	65	996840
3241	65	997368
3242	65	997896
3243	65	998424
3244	65	998952
3245	65	999480
3246	65	1000008
3247	65	1000536
3248	65	1001064
3249	65	1001592
3250	65	1002120
3251	65	1002648
3252	65	1003176
3253	65	1003704
3254	65	1004232
3255	65	1004760
3256	65	1005288
3257	67	1005816
3258	67	1006360
3259	67	1006904
3260	67	1007448
3261	67	1007992
3262	67	1008536
3263	67	1009080
3264	67	1009624
3265	67	1010168
3266	67	1010712
3267	67	1011256
3268	67	1011800
3269	67	1012344
3270	67	1012888
3271	67	1013432
3272	67	1013976
3273	67	1014520
3274	67	1015064
3275	67	1015608
3276	67	1016152
3277	67	1016696
3278	67	1017240
3279	67	1017784
3280	67	1018328
3281	67	1018872
3282	67	1019416
3283	67	1019960
3284	67	1020504
3285	67	1021048
3286	67	1021592
3287	67	1022136
3288	67	1022680
3289	67	1023224
3290	67	1023768
3291	67	1024312
3292	67	1024856
3293	67	1025400
3294	67	1025944
3295	67	1026488
3296	67	1027032
3297	67	1027576
3298	67	1028120
3299	67	1028664
3300	67	1029208
3301	67	1029752
3302	67	1030296
3303	67	1030840
3304	67	1031384
3305	67	1031928
3306	67	1032472
3307	67	1033016
3308	67	1033560
3309	67	1034104
3310	67	1034648
3311	67	1035192
3312	67	1035736
3313	67	1036280
3314	67	1036824
3315	67	1037368
3316	67	1037912
3317	67	1038456
3318	67	1039000
3319	67	1039544
3320	67	1040088
3321	67	1040632
3322	67	1041176
3323	67	1041720
3324	67	1042264
3325	67	1042808
3326	67	1043352
3327	67	1043896
3328	67	1044440
3329	67	1044984
3330	67	1045528
3331	67	1046072
3332	67	1046616
3333	67	1047160
3334	67	1047704
3335	67	1048248
3336	67	1048792
3337	67	1049336
3338	67	1049880
3339	67	1050424
3340	67	1050968
3341	67	1051512
3342	67	1052056
3343	67	1052600
3344	67	1053144
3345	67	1053688
3346	67	1054232
3347	67	1054776
3348	67	1055320
3349	67	1055864
3350	67	1056408
3351	67	1056952
3352	67	1057496
3353	67	1058040
3354	67	1058584
3355	67	1059128
3356	67	1059672
3357	67	1060216
3358	67	1060760
3359	67	1061304
3360	67	1061848
3361	67	1062392
3362	67	1062936
3363	67	1063480
3364	67	1064024
3365	67	1064568
3366	67	1065112
3367	67	1065656
3368	67	1066200
3369	67	1066744
3370	69	1067288
3371	69	1067848
3372	69	1068408
3373	69	1068968
3374	69	1069528
3375	69	1070088
3376	69	1070648
3377	69	1071208
3378	69	1071768
3379	69	1072328
3380	69	1072888
3381	69	1073448
3382	69	1074008
3383	69	1074568
3384	69	1075128
3385	69	1075688
3386	69	1076248
3387	69	1076808
3388	69	1077368
3389	69	1077928
3390	69	1078488
3391	69	1079048
3392	69	1079608
3393	69	1080168
3394	69	1080728
3395	69	1081288
3396	69	1081848
3397	69	1082408
3398	69	1082968
3399	69	1083528
3400	69	1084088
3401	69	1084648
3402	69	1085208
3403	69	1085768
3404	69	1086328
3405	69	1086888
3406	69	1087448
3407	69	1088008
3408	69	1088568
3409	69	1089128
3410	69	1089688
3411	69	1090248
3412	69	1090808
3413	69	1091368
3414	69	1091928
3415	69	1092488
3416	69	1093048
3417	69	1093608
3418	69	1094168
3419	69	1094728
3420	69	1095288
3421	69	1095848
3422	69	1096408
3423	69	1096968
3424	69	1097528
3425	69	1098088
3426	69	1098648
3427	69	1099208
3428	69	1099768
3429	69	1100328
3430	69	1100888
3431	69	1101448
3432	69	1102008
3433	69	1102568
3434	69	1103128
3435	69	1103688
3436	69	1104248
3437	69	1104808
3438	69	1105368
3439	69	1105928
3440	69	1106488
3441	69	1107048
3442	69	1107608
3443	69	1108168
3444	69	1108728
3445	69	1109288
3446	69	1109848
3447	69	1110408
3448	69	1110968
3449	69	1111528
3450	69	1112088
3451	69	1112648
3452	69	1113208
3453	69	1113768
3454	69	1114328
3455	69	1114888
3456	69	1115448
3457	69	1116008
3458	69	1116568
3459	69	1117128
3460	69	1117688
3461	69	1118248
3462	69	1118808
3463	69	1119368
3464	69	1119928
3465	69	1120488
3466	69	1121048
3467	69	1121608
3468	69	1122168
3469	69	1122728
3470	69	1123288
3471	69	1123848
3472	69	1124408
3473	69	1124968
3474	69	1125528
3475	69	1126088
3476	69	1126648
3477	69	1127208
3478	69	1127768
3479	69	1128328
3480	69	1128888
3481	69	1129448
3482	71	1130008
3483	71	1130584
3484	71	1131160
3485	71	1131736
3486	71	1132312
3487	71	1132888
3488	71	1133464
3489	71	1134040
3490	71	1134616
3491	71	1135192
3492	71	1135768
3493	71	1136344
3494	71	1136920
3495	71	1137496
3496	71	1138072
3497	71	1138648
3498	71	1139224
3499	71	1139800
3500	71	1140376
3501	71	1140952
3502	71	1141528
3503	71	1142104
3504	71	1142680
3505	71	1143256
3506	71	1143832
3507	71	1144408
3508	71	1144984
3509	71	1145560
3510	71	1146136
3511	71	1146712
3512	71	1147288
3513	71	1147864
3514	71	1148440
3515	71	1149016
3516	71	1149592
3517	71	1150168
3518	71	1150744
3519	71	1151320
3520	71	1151896
3521	71	1152472
3522	71	1153048
3523	71	1153624
3524	71	1154200
3525	71	1154776
3526	71	1155352
3527	71	1155928
3528	71	1156504
3529	71	1157080
3530	71	1157656
3531	71	1158232
3532	71	1158808
3533	71	1159384
3534	71	1159960
3535	71	1160536
3536	71	1161112
3537	71	1161688
3538	71	1162264
3539	71	1162840
3540	71	1163416
3541	71	1163992
3542	71	1164568
3543	71	1165144
3544	71	1165720
3545	71	1166296
3546	71	1166872
3547	71	1167448
3548	71	1168024
3549	71	1168600
3550	71	1169176
3551	71	1169752
3552	71	1170328
3553	71	1170904
3554	71	1171480
3555	71	1172056
3556	71	1172632
3557	71	1173208
3558	71	1173784
3559	71	1174360
3560	71	1174936
3561	71	1175512
3562	71	1176088
3563	71	1176664
3564	71	1177240
3565	71	1177816
3566	71	1178392
3567	71	1178968
3568	71	1179544
3569	71	1180120
3570	71	1180696
3571	71	1181272
3572	71	1181848
3573	71	1182424
3574	71	1183000
3575	71	1183576
3576	71	1184152
3577	71	1184728
3578	71	1185304
3579	71	1185880
3580	71	1186456
3581	71	1187032
3582	71	1187608
3583	71	1188184
3584	71	1188760
3585	71	1189336
3586	71	1189912
3587	71	1190488
3588	71	1191064
3589	71	1191640
3590	71	1192216
3591	71	1192792
3592	71	1193368
3593	71	1193944
3594	71	1194520
3595	73	1195096
3596	73	1195688
3597	73	1196280
3598	73	1196872
3599	73	1197464
3600	73	1198056
3601	73	1198648
3602	73	1199240
3603	73	1199832
3604	73	1200424
3605	73	1201016
3606	73	1201608
3607	73	1202200
3608	73	1202792
3609	73	1203384
3610	73	1203976
3611	73	1204568
3612	73	1205160
3613	73	1205752
3614	73	1206344
3615	73	1206936
3616	73	1207528
3617	73	1208120
3618	73	1208712
3619	73	1209304
3620	73	1209896
3621	73	1210488
3622	73	1211080
3623	73	1211672
3624	73	1212264
3625	73	1212856
3626	73	1213448
3627	73	1214040
3628	73	1214632
3629	73	1215224
3630	73	1215816
3631	73	1216408
3632	73	1217000
3633	73	1217592
3634	73	1218184
3635	73	1218776
3636	73	1219368
3637	73	1219960
3638	73	1220552
3639	73	1221144
3640	73	1221736
3641	73	1222328
3642	73	1222920
3643	73	1223512
3644	73	1224104
3645	73	1224696
3646	73	1225288
3647	73	1225880
3648	73	1226472
3649	73	1227064
3650	73	1227656
3651	73	1228248
3652	73	1228840
3653	73	1229432
3654	73	1230024
3655	73	1230616
3656	73	1231208
3657	73	1231800
3658	73	1232392
3659	73	1232984
3660	73	1233576
3661	73	1234168
3662	73	1234760
3663	73	1235352
3664	73	1235944
3665	73	1236536
3666	73	1237128
3667	73	1237720
3668	73	1238312
3669	73	1238904
3670	73	1239496
3671	73	1240088
3672	73	1240680
3673	73	1241272
3674	73	1241864
3675	73	1242456
3676	73	1243048
3677	73	1243640
3678	73	1244232
3679	73	1244824
3680	73	1245416
3681	73	1246008
3682	73	1246600
3683	73	1247192
3684	73	1247784
3685	73	1248376
3686	73	1248968
3687	73	1249560
3688	73	1250152
3689	73	1250744
3690	73	1251336
3691	73	1251928
3692	73	1252520
3693	73	1253112
3694	73	1253704
3695	73	1254296
3696	73	1254888
3697	73	1255480
3698	73	1256072
3699	73	1256664
3700	73	1257256
3701	73	1257848
3702	73	1258440
3703	73	1259032
3704	73	1259624
3705	73	1260216
3706	73	1260808
3707	75	1261400
3708	75	1262008
3709	75	1262616
3710	75	1263224
3711	75	1263832
3712	75	1264440
3713	75	1265048
3714	75	1265656
3715	75	1266264
3716	75	1266872
3717	75	1267480
3718	75	1268088
3719	75	1268696
3720	75	1269304
3721	75	1269912
3722	75	1270520
3723	75	1271128
3724	75	1271736
3725	75	1272344
3726	75	1272952
3727	75	1273560
3728	75	1274168
3729	75	1274776
3730	75	1275384
3731	75	1275992
3732	75	1276600
3733	75	1277208
3734	75	1277816
3735	75	1278424
3736	75	1279032
3737	75	1279640
3738	75	1280248
3739	75	1280856
3740	75	1281464
3741	75	1282072
3742	75	1282680
3743	75	1283288
3744	75	1283896
3745	75	1284504
3746	75	1285112
3747	75	1285720
3748	75	1286328
3749	75	1286936
3750	75	1287544
3751	75	1288152
3752	75	1288760
3753	75	1289368
3754	75	1289976
3755	75	1290584
3756	75	1291192
3757	75	1291800
3758	75	1292408
3759	75	1293016
3760	75	1293624
3761	75	1294232
3762	75	1294840
3763	75	1295448
3764	75	1296056
3765	75	1296664
3766	75	1297272
3767	75	1297880
3768	75	1298488
3769	75	1299096
3770	75	1299704
3771	75	1300312
3772	75	1300920
3773	75	1301528
3774	75	1302136
3775	75	1302744
3776	75	1303352
3777	75	1303960
3778	75	1304568
3779	75	1305176
3780	75	1305784
3781	75	1306392
3782	75	1307000
3783	75	1307608
3784	75	1308216
3785	75	1308824
3786	75	1309432
3787	75	1310040
3788	75	1310648
3789	75	1311256
3790	75	1311864
3791	75	1312472
3792	75	1313080
3793	75	1313688
3794	75	1314296
3795	75	1314904
3796	75	1315512
3797	75	1316120
3798	75	1316728
3799	75	1317336
3800	75	1317944
3801	75	1318552
3802	75	1319160
3803	75	1319768
3804	75	1320376
3805	75	1320984
3806	75	1321592
3807	75	1322200
3808	75	1322808
3809	75	1323416
3810	75	1324024
3811	75	1324632
3812	75	1325240
3813	75	1325848
3814	75	1326456
3815	75	1327064
3816	75	1327672
3817	75	1328280
3818	75	1328888
3819	77	1329496
3820	77	1330120
3821	77	1330744
3822	77	1331368
3823	77	1331992
3824	77	1332616
3825	77	1333240
3826	77	1333864
3827	77	1334488
3828	77	1335112
3829	77	1335736
3830	77	1336360
3831	77	1336984
3832	77	1337608
3833	77	1338232
3834	77	1338856
3835	77	1339480
3836	77	1340104
3837	77	1340728
3838	77	1341352
3839	77	1341976
3840	77	1342600
3841	77	1343224
3842	77	1343848
3843	77	1344472
3844	77	1345096
3845	77	1345720
3846	77	1346344
3847	77	1346968
3848	77	1347592
3849	77	1348216
3850	77	1348840
3851	77	1349464
3852	77	1350088
3853	77	1350712
3854	77	1351336
3855	77	1351960
3856	77	1352584
3857	77	1353208
3858	77	1353832
3859	77	1354456
3860	77	1355080
3861	77	1355704
3862	77	1356328
3863	77	1356952
3864	77	1357576
3865	77	1358200
3866	77	1358824
3867	77	1359448
3868	77	1360072
3869	77	1360696
3870	77	1361320
3871	77	1361944
3872	77	1362568
3873	77	1363192
3874	77	1363816
3875	77	1364440
3876	77	1365064
3877	77	1365688
3878	77	1366312
3879	77	1366936
3880	77	1367560
3881	77	1368184
3882	77	1368808
3883	77	1369432
3884	77	1370056
3885	77	1370680
3886	77	1371304
3887	77	1371928
3888	77	1372552
3889	77	1373176
3890	77	1373800
3891	77	1374424
3892	77	1375048
3893	77	1375672
3894	77	1376296
3895	77	1376920
3896	77	1377544
3897	77	1378168
3898	77	1378792
3899	77	1379416
3900	77	1380040
3901	77	1380664
3902	77	1381288
3903	77	1381912
3904	77	1382536
3905	77	1383160
3906	77	1383784
3907	77	1384408
3908	77	1385032
3909	77	1385656
3910	77	1386280
3911	77	1386904
3912	77	1387528
3913	77	1388152
3914	77	1388776
3915	77	1389400
3916	77	1390024
3917	77	1390648
3918	77	1391272
3919	77	1391896
3920	77	1392520
3921	77	1393144
3922	77	1393768
3923	77	1394392
3924	77	1395016
3925	77	1395640
3926	77	1396264
3927	77	1396888
3928	77	1397512
3929	77	1398136
3930	77	1398760
3931	79	1399384
3932	79	1400024
3933	79	1400664
3934	79	1401304
3935	79	1401944
3936	79	1402584
3937	79	1403224
3938	79	1403864
3939	79	1404504
3940	79	1405144
3941	79	1405784
3942	79	1406424
3943	79	1407064
3944	79	1407704
3945	79	1408344
3946	79	1408984
3947	79	1409624
3948	79	1410264
3949	79	1410904
3950	79	1411544
3951	79	1412184
3952	79	1412824
3953	79	1413464
3954	79	1414104
3955	79	1414744
3956	79	1415384
3957	79	1416024
3958	79	1416664
3959	79	1417304
3960	79	1417944
3961	79	1418584
3962	79	1419224
3963	79	1419864
3964	79	1420504
3965	79	1421144
3966	79	1421784
3967	79	1422424
3968	79	1423064
3969	79	1423704
3970	79	1424344
3971	79	1424984
3972	79	1425624
3973	79	1426264
3974	79	1426904
3975	79	1427544
3976	79	1428184
3977	79	1428824
3978	79	1429464
3979	79	1430104
3980	79	1430744
3981	79	1431384
3982	79	1432024
3983	79	1432664
3984	79	1433304
3985	79	1433944
3986	79	1434584
3987	79	1435224
3988	79	1435864
3989	79	1436504
3990	79	1437144
3991	79	1437784
3992	79	1438424
3993	79	1439064
3994	79	1439704
3995	79	1440344
3996	79	1440984
3997	79	1441624
3998	79	1442264
3999	79	1442904
4000	79	1443544
4001	79	1444184
4002	79	1444824
4003	79	1445464
4004	79	1446104
4005	79	1446744
4006	79	1447384
4007	79	1448024
4008	79	1448664
4009	79	1449304
4010	79	1449944
4011	79	1450584
4012	79	1451224
4013	79	1451864
4014	79	1452504
4015	79	1453144
4016	79	1453784
4017	79	1454424
4018	79	1455064
4019	79	1455704
4020	79	1456344
4021	79	1456984
4022	79	1457624
4023	79	1458264
4024	79	1458904
4025	79	1459544
4026	79	1460184
4027	79	1460824
4028	79	1461464
4029	79	1462104
4030	79	1462744
4031	79	1463384
4032	79	1464024
4033	79	1464664
4034	79	1465304
4035	79	1465944
4036	79	1466584
4037	79	1467224
4038	79	1467864
4039	79	1468504
4040	79	1469144
4041	79	1469784
4042	81	1470424
4043	81	1471080
4044	81	1471736
4045	81	1472392
4046	81	1473048
4047	81	1473704
4048	81	1474360
4049	81	1475016
4050	81	1475672
4051	81	1476328
4052	81	1476984
4053	81	1477640
4054	81	1478296
4055	81	1478952
4056	81	1479608
4057	81	1480264
4058	81	1480920
4059	81	1481576
4060	81	1482232
4061	81	1482888
4062	81	1483544
4063	81	1484200
4064	81	1484856
4065	81	1485512
4066	81	1486168
4067	81	1486824
4068	81	1487480
4069	81	1488136
4070	81	1488792
4071	81	1489448
4072	81	1490104
4073	81	1490760
4074	81	1491416
4075	81	1492072
4076	81	1492728
4077	81	1493384
4078	81	1494040
4079	81	1494696
4080	81	1495352
4081	81	1496008
4082	81	1496664
4083	81	1497320
4084	81	1497976
4085	81	1498632
4086	81	1499288
4087	81	1499944
4088	81	1500600
4089	81	1501256
4090	81	1501912
4091	81	1502568
4092	81	1503224
4093	81	1503880
4094	81	1504536
4095	81	1505192
4096	81	1505848
4097	81	1506504
4098	81	1507160
4099	81	1507816
4100	81	1508472
4101	81	1509128
4102	81	1509784
4103	81	1510440
4104	81	1511096
4105	81	1511752
4106	81	1512408
4107	81	1513064
4108	81	1513720
4109	81	1514376
4110	81	1515032
4111	81	1515688
4112	81	1516344
4113	81	1517000
4114	81	1517656
4115	81	1518312
4116	81	1518968
4117	81	1519624
4118	81	1520280
4119	81	1520936
4120	81	1521592
4121	81	1522248
4122	81	1522904
4123	81	1523560
4124	81	1524216
4125	81	1524872
4126	81	1525528
4127	81	1526184
4128	81	1526840
4129	81	1527496
4130	81	1528152
4131	81	1528808
4132	81	1529464
4133	81	1530120
4134	81	1530776
4135	81	1531432
4136	81	1532088
4137	81	1532744
4138	81	1533400
4139	81	1534056
4140	81	1534712
4141	81	1535368
4142	81	1536024
4143	81	1536680
4144	81	1537336
4145	81	1537992
4146	81	1538648
4147	81	1539304
4148	81	1539960
4149	81	1540616
4150	81	1541272
4151	81	1541928
4152	81	1542584
4153	81	1543240
4154	83	1543896
4155	83	1544568
4156	83	1545240
4157	83	1545912
4158	83	1546584
4159	83	1547256
4160	83	1547928
4161	83	1548600
4162	83	1549272
4163	83	1549944
4164	83	1550616
4165	83	1551288
4166	83	1551960
4167	83	1552632
4168	83	1553304
4169	83	1553976
4170	83	1554648
4171	83	1555320
4172	83	1555992
4173	83	1556664
4174	83	1557336
4175	83	1558008
4176	83	1558680
4177	83	1559352
4178	83	1560024
4179	83	1560696
4180	83	1561368
4181	83	1562040
4182	83	1562712
4183	83	1563384
4184	83	1564056
4185	83	1564728
4186	83	1565400
4187	83	1566072
4188	83	1566744
4189	83	1567416
4190	83	1568088
4191	83	1568760
4192	83	1569432
4193	83	1570104
4194	83	1570776
4195	83	1571448
4196	83	1572120
4197	83	1572792
4198	83	1573464
4199	83	1574136
4200	83	1574808
4201	83	1575480
4202	83	1576152
4203	83	1576824
4204	83	1577496
4205	83	1578168
4206	83	1578840
4207	83	1579512
4208	83	1580184
4209	83	1580856
4210	83	1581528
4211	83	1582200
4212	83	1582872
4213	83	1583544
4214	83	1584216
4215	83	1584888
4216	83	1585560
4217	83	1586232
4218	83	1586904
4219	83	1587576
4220	83	1588248
4221	83	1588920
4222	83	1589592
4223	83	1590264
4224	83	1590936
4225	83	1591608
4226	83	1592280
4227	83	1592952
4228	83	1593624
4229	83	1594296
4230	83	1594968
4231	83	1595640
4232	83	1596312
4233	83	1596984
4234	83	1597656
4235	83	1598328
4236	83	1599000
4237	83	1599672
4238	83	1600344
4239	83	1601016
4240	83	1601688
4241	83	1602360
4242	83	1603032
4243	83	1603704
4244	83	1604376
4245	83	1605048
4246	83	1605720
4247	83	1606392
4248	83	1607064
4249	83	1607736
4250	83	1608408
4251	83	1609080
4252	83	1609752
4253	83	1610424
4254	83	1611096
4255	83	1611768
4256	83	1612440
4257	83	1613112
4258	83	1613784
4259	83	1614456
4260	83	1615128
4261	83	1615800
4262	83	1616472
4263	83	1617144
4264	83	1617816
4265	85	1618488
4266	85	1619176
4267	85	1619864
4268	85	1620552
4269	85	1621240
4270	85	1621928
4271	85	1622616
4272	85	1623304
4273	85	1623992
4274	85	1624680
4275	85	1625368
4276	85	1626056
4277	85	1626744
4278	85	1627432
4279	85	1628120
4280	85	1628808
4281	85	1629496
4282	85	1630184
4283	85	1630872
4284	85	1631560
4285	85	1632248
4286	85	1632936
4287	85	1633624
4288	85	1634312
4289	85	1635000
4290	85	1635688
4291	85	1636376
4292	85	1637064
4293	85	1637752
4294	85	1638440
4295	85	1639128
4296	85	1639816
4297	85	1640504
4298	85	1641192
4299	85	1641880
4300	85	1642568
4301	85	1643256
4302	85	1643944
4303	85	1644632
4304	85	1645320
4305	85	1646008
4306	85	1646696
4307	85	1647384
4308	85	1648072
4309	85	1648760
4310	85	1649448
4311	85	1650136
4312	85	1650824
4313	85	1651512
4314	85	1652200
4315	85	1652888
4316	85	1653576
4317	85	1654264
4318	85	1654952
4319	85	1655640
4320	85	1656328
4321	85	1657016
4322	85	1657704
4323	85	1658392
4324	85	1659080
4325	85	1659768
4326	85	1660456
4327	85	1661144
4328	85	1661832
4329	85	1662520
4330	85	1663208
4331	85	1663896
4332	85	1664584
4333	85	1665272
4334	85	1665960
4335	85	1666648
4336	85	1667336
4337	85	1668024
4338	85	1668712
4339	85	1669400
4340	85	1670088
4341	85	1670776
4342	85	1671464
4343	85	1672152
4344	85	1672840
4345	85	1673528
4346	85	1674216
4347	85	1674904
4348	85	1675592
4349	85	1676280
4350	85	1676968
4351	85	1677656
4352	85	1678344
4353	85	1679032
4354	85	1679720
4355	85	1680408
4356	85	1681096
4357	85	1681784
4358	85	1682472
4359	85	1683160
4360	85	1683848
4361	85	1684536
4362	85	1685224
4363	85	1685912
4364	85	1686600
4365	85	1687288
4366	85	1687976
4367	85	1688664
4368	85	1689352
4369	85	1690040
4370	85	1690728
4371	85	1691416
4372	85	1692104
4373	85	1692792
4374	85	1693480
4375	85	1694168
4376	85	1694856
4377	85	1695544
4378	85	1696232
4379	85	1696920
4380	85	1697608
4381	85	1698296
4382	85	1698984
4383	85	1699672
4384	85	1700360
4385	85	1701048
4386	85	1701736
4387	85	1702424
4388	85	1703112
4389	85	1703800
4390	85	1704488
4391	85	1705176
4392	85	1705864
4393	85	1706552
4394	87	1707240
4395	87	1707944
4396	87	1708648
4397	87	1709352
4398	87	1710056
4399	87	1710760
4400	87	1711464
4401	87	1712168
4402	87	1712872
4403	87	1713576
4404	87	1714280
4405	87	1714984
4406	87	1715688
4407	87	1716392
4408	87	1717096
4409	87	1717800
4410	87	1718504
4411	87	1719208
4412	87	1719912
4413	87	1720616
4414	87	1721320
4415	87	1722024
4416	87	1722728
4417	87	1723432
4418	87	1724136
4419	87	1724840
4420	87	1725544
4421	87	1726248
4422	87	1726952
4423	87	1727656
4424	87	1728360
4425	87	1729064
4426	87	1729768
4427	87	1730472
4428	87	1731176
4429	87	1731880
4430	87	1732584
4431	87	1733288
4432	87	1733992
4433	87	1734696
4434	87	1735400
4435	87	1736104
4436	87	1736808
4437	87	1737512
4438	87	1738216
4439	87	1738920
4440	87	1739624
4441	87	1740328
4442	87	1741032
4443	87	1741736
4444	87	1742440
4445	87	1743144
4446	87	1743848
4447	87	1744552
4448	87	1745256
4449	87	1745960
4450	87	1746664
4451	87	1747368
4452	87	1748072
4453	87	1748776
4454	87	1749480
4455	87	1750184
4456	87	1750888
4457	87	1751592
4458	87	1752296
4459	87	1753000
4460	87	1753704
4461	87	1754408
4462	87	1755112
4463	87	1755816
4464	87	1756520
4465	87	1757224
4466	87	1757928
4467	87	1758632
4468	87	1759336
4469	87	1760040
4470	87	1760744
4471	87	1761448
4472	87	1762152
4473	87	1762856
4474	87	1763560
4475	87	1764264
4476	87	1764968
4477	87	1765672
4478	87	1766376
4479	87	1767080
4480	87	1767784
4481	87	1768488
4482	87	1769192
4483	87	1769896
4484	87	1770600
4485	87	1771304
4486	87	1772008
4487	87	1772712
4488	87	1773416
4489	87	1774120
4490	87	1774824
4491	87	1775528
4492	87	1776232
4493	87	1776936
4494	87	1777640
4495	87	1778344
4496	87	1779048
4497	87	1779752
4498	87	1780456
4499	87	1781160
4500	87	1781864
4501	87	1782568
4502	87	1783272
4503	87	1783976
4504	87	1784680
4505	87	1785384
4506	87	1786088
4507	87	1786792
4508	87	1787496
4509	87	1788200
4510	87	1788904
4511	87	1789608
4512	87	1790312
4513	87	1791016
4514	87	1791720
4515	87	1792424
4516	87	1793128
4517	87	1793832
4518	87	1794536
4519	87	1795240
4520	87	1795944
4521	87	1796648
4522	87	1797352
4523	87	1798056
4524	87	1798760
4525	87	1799464
4526	87	1800168
4527	87	1800872
4528	87	1801576
4529	87	1802280
4530	87	1802984
4531	87	1803688
4532	87	1804392
4533	87	1805096
4534	87	1805800
4535	87	1806504
4536	87	1807208
4537	87	1807912
4538	87	1808616
4539	87	1809320
4540	87	1810024
4541	87	1810728
4542	87	1811432
4543	87	1812136
4544	87	1812840
4545	87	1813544
4546	87	1814248
4547	87	1814952
4548	87	1815656
4549	87	1816360
4550	87	1817064
4551	87	1817768
4552	87	1818472
4553	87	1819176
4554	87	1819880
4555	87	1820584
4556	87	1821288
4557	87	1821992
4558	87	1822696
4559	87	1823400
4560	87	1824104
4561	87	1824808
4562	87	1825512
4563	87	1826216
4564	87	1826920
4565	87	1827624
4566	87	1828328
4567	87	1829032
4568	87	1829736
4569	87	1830440
4570	87	1831144
4571	87	1831848
4572	87	1832552
4573	87	1833256
4574	87	1833960
4575	87	1834664
4576	87	1835368
4577	87	1836072
4578	87	1836776
4579	87	1837480
4580	87	1838184
4581	87	1838888
4582	87	1839592
4583	87	1840296
4584	87	1841000
4585	87	1841704
4586	87	1842408
4587	87	1843112
4588	87	1843816
4589	87	1844520
4590	87	1845224
4591	87	1845928
4592	87	1846632
4593	87	1847336
4594	87	1848040
4595	87	1848744
4596	87	1849448
4597	87	1850152
4598	87	1850856
4599	87	1851560
4600	87	1852264
4601	87	1852968
4602	87	1853672
4603	87	1854376
4604	87	1855080
4605	87	1855784
4606	87	1856488
4607	87	1857192
4608	87	1857896
4609	87	1858600
4610	87	1859304
4611	87	1860008
4612	87	1860712
4613	87	1861416
4614	87	1862120
4615	87	1862824
4616	87	1863528
4617	87	1864232
4618	87	1864936
4619	87	1865640
4620	87	1866344
4621	87	1867048
4622	87	1867752
4623	87	1868456
4624	87	1869160
4625	87	1869864
4626	87	1870568
4627	87	1871272
4628	87	1871976
4629	87	1872680
4630	87	1873384
4631	87	1874088
4632	87	1874792
4633	87	1875496
4634	87	1876200
4635	87	1876904
4636	87	1877608
4637	87	1878312
4638	87	1879016
4639	87	1879720
4640	87	1880424
4641	87	1881128
4642	87	1881832
4643	87	1882536
4644	87	1883240
4645	87	1883944
4646	87	1884648
4647	87	1885352
4648	87	1886056
4649	87	1886760
4650	87	1887464
4651	87	1888168
4652	87	1888872
4653	87	1889576
4654	87	1890280
4655	87	1890984
4656	87	1891688
4657	87	1892392
4658	87	1893096
4659	87	1893800
4660	87	1894504
4661	87	1895208
4662	87	1895912
4663	87	1896616
4664	87	1897320
4665	87	1898024
4666	87	1898728
4667	87	1899432
4668	87	1900136
4669	87	1900840
4670	87	1901544
4671	87	1902248
4672	87	1902952
4673	87	1903656
4674	87	1904360
4675	87	1905064
4676	87	1905768
4677	87	1906472
4678	87	1907176
4679	87	1907880
4680	87	1908584
4681	87	1909288
4682	87	1909992
4683	87	1910696
4684	87	1911400
4685	87	1912104
4686	87	1912808
4687	87	1913512
4688	87	1914216
4689	87	1914920
4690	87	1915624
4691	87	1916328
4692	87	1917032
4693	87	1917736
4694	87	1918440
4695	87	1919144
4696	87	1919848
4697	87	1920552
4698	87	1921256
4699	87	1921960
4700	87	1922664
4701	87	1923368
4702	87	1924072
4703	87	1924776
4704	87	1925480
4705	87	1926184
4706	87	1926888
4707	87	1927592
4708	87	1928296
4709	87	1929000
4710	87	1929704
4711	87	1930408
4712	87	1931112
4713	87	1931816
4714	87	1932520
4715	87	1933224
4716	87	1933928
4717	87	1934632
4718	87	1935336
4719	87	1936040
4720	87	1936744
4721	87	1937448
4722	87	1938152
4723	87	1938856
4724	87	1939560
4725	87	1940264
4726	87	1940968
4727	87	1941672
4728	87	1942376
4729	87	1943080
4730	87	1943784
4731	87	1944488
4732	87	1945192
4733	87	1945896
4734	87	1946600
4735	87	1947304
4736	87	1948008
4737	87	1948712
4738	87	1949416
4739	87	1950120
4740	87	1950824
4741	87	1951528
4742	87	1952232
4743	87	1952936
4744	87	1953640
4745	87	1954344
4746	87	1955048
4747	87	1955752
4748	87	1956456
4749	87	1957160
4750	87	1957864
4751	87	1958568
4752	87	1959272
4753	87	1959976
4754	87	1960680
4755	87	1961384
4756	87	1962088
4757	87	1962792
4758	87	1963496
4759	87	1964200
4760	87	1964904
4761	87	1965608
4762	87	1966312
4763	87	1967016
4764	87	1967720
4765	87	1968424
4766	87	1969128
4767	87	1969832
4768	87	1970536
4769	87	1971240
4770	87	1971944
4771	87	1972648
4772	87	1973352
4773	87	1974056
4774	87	1974760
4775	87	1975464
4776	87	1976168
4777	87	1976872
4778	87	1977576
4779	87	1978280
4780	87	1978984
4781	87	1979688
4782	87	1980392
4783	87	1981096
4784	87	1981800
4785	87	1982504
4786	87	1983208
4787	87	1983912
4788	87	1984616
4789	87	1985320
4790	87	1986024
4791	87	1986728
4792	87	1987432
4793	87	1988136
4794	87	1988840
4795	87	1989544
4796	87	1990248
4797	87	1990952
4798	87	1991656
4799	87	1992360
4800	87	1993064
4801	87	1993768
4802	87	1994472
4803	87	1995176
4804	87	1995880
4805	87	1996584
4806	87	1997288
4807	87	1997992
4808	87	1998696
4809	87	1999400
4810	87	2000104
4811	87	2000808
4812	87	2001512
4813	87	2002216
4814	87	2002920
4815	87	2003624
4816	87	2004328
4817	87	2005032
4818	87	2005736
4819	87	2006440
4820	87	2007144
4821	87	2007848
4822	87	2008552
4823	87	2009256
4824	87	2009960
4825	87	2010664
4826	87	2011368
4827	87	2012072
4828	87	2012776
4829	87	2013480
4830	87	2014184
4831	87	2014888
4832	87	2015592
4833	87	2016296
4834	87	2017000
4835	87	2017704
4836	87	2018408
4837	87	2019112
4838	87	2019816
4839	87	2020520
4840	87	2021224
4841	87	2021928
4842	87	2022632
4843	87	2023336
4844	87	2024040
4845	87	2024744
4846	87	2025448
4847	87	2026152
4848	87	2026856
4849	87	2027560
4850	87	2028264
4851	87	2028968
4852	87	2029672
4853	87	2030376
4854	87	2031080
4855	87	2031784
4856	87	2032488
4857	87	2033192
4858	87	2033896
4859	87	2034600
4860	87	2035304
4861	87	2036008
4862	87	2036712
4863	87	2037416
4864	87	2038120
4865	87	2038824
4866	87	2039528
4867	87	2040232
4868	87	2040936
4869	87	2041640
4870	87	2042344
4871	87	2043048
4872	87	2043752
4873	87	2044456
4874	87	2045160
4875	87	2045864
4876	87	2046568
4877	87	2047272
4878	87	2047976
4879	87	2048680
4880	87	2049384
4881	87	2050088
4882	87	2050792
4883	87	2051496
4884	87	2052200
4885	87	2052904
4886	87	2053608
4887	87	2054312
4888	87	2055016
4889	87	2055720
4890	87	2056424
4891	87	2057128
4892	87	2057832
4893	87	2058536
4894	87	2059240
4895	87	2059944
4896	87	2060648
4897	87	2061352
4898	87	2062056
4899	87	2062760
4900	87	2063464
4901	87	2064168
4902	87	2064872
4903	87	2065576
4904	87	2066280
4905	87	2066984
4906	87	2067688
4907	87	2068392
4908	87	2069096
4909	87	2069800
4910	87	2070504
4911	87	2071208
4912	87	2071912
4913	87	2072616
4914	87	2073320
4915	87	2074024
4916	87	2074728
4917	87	2075432
4918	87	2076136
4919	87	2076840
4920	87	2077544
4921	87	2078248
4922	87	2078952
4923	87	2079656
4924	87	2080360
4925	87	2081064
4926	87	2081768
4927	87	2082472
4928	87	2083176
4929	87	2083880
4930	87	2084584
4931	87	2085288
4932	87	2085992
4933	87	2086696
4934	87	2087400
4935	87	2088104
4936	87	2088808
4937	87	2089512
4938	87	2090216
4939	87	2090920
4940	87	2091624
4941	87	2092328
4942	87	2093032
4943	87	2093736
4944	87	2094440
4945	87	2095144
4946	87	2095848
4947	87	2096552
4948	87	2097256
4949	87	2097960
4950	87	2098664
4951	87	2099368
4952	87	2100072
4953	87	2100776
4954	87	2101480
4955	87	2102184
4956	87	2102888
4957	87	2103592
4958	87	2104296
4959	87	2105000
4960	87	2105704
4961	87	2106408
4962	87	2107112
4963	87	2107816
4964	87	2108520
4965	87	2109224
4966	87	2109928
4967	87	2110632
4968	87	2111336
4969	87	2112040
4970	87	2112744
4971	87	2113448
4972	87	2114152
4973	87	2114856
4974	87	2115560
4975	87	2116264
4976	87	2116968
4977	87	2117672
4978	87	2118376
4979	87	2119080
4980	87	2119784
4981	87	2120488
4982	87	2121192
4983	87	2121896
4984	87	2122600
4985	87	2123304
4986	87	2124008
4987	87	2124712
4988	87	2125416
4989	87	2126120
4990	87	2126824
4991	87	2127528
4992	87	2128232
4993	87	2128936
4994	87	2129640
4995	87	2130344
4996	87	2131048
4997	87	2131752
4998	87	2132456
4999	87	2133160
5000	87	2133864
5001	87	2134568
5002	87	2135272
5003	87	2135976
5004	87	2136680
5005	87	2137384
5006	87	2138088
5007	87	2138792
5008	87	2139496
5009	87	2140200
5010	87	2140904
5011	87	2141608
5012	87	2142312
5013	87	2143016
5014	87	2143720
5015	87	2144424
5016	87	2145128
5017	87	2145832
5018	87	2146536
5019	87	2147240
5020	87	2147944
5021	87	2148648
5022	87	2149352
5023	87	2150056
5024	87	2150760
5025	87	2151464
5026	87	2152168
5027	87	2152872
5028	87	2153576
5029	87	2154280
5030	87	2154984
5031	87	2155688
5032	87	2156392
5033	87	2157096
5034	87	2157800
5035	87	2158504
5036	87	2159208
5037	87	2159912
5038	87	2160616
5039	87	2161320
5040	87	2162024
5041	87	2162728
5042	87	2163432
5043	87	2164136
5044	87	2164840
5045	87	2165544
5046	87	2166248
5047	87	2166952
5048	87	2167656
5049	87	2168360
5050	87	2169064
5051	87	2169768
5052	87	2170472
5053	87	2171176
5054	87	2171880
5055	87	2172584
5056	87	2173288
5057	87	2173992
5058	87	2174696
5059	87	2175400
5060	87	2176104
5061	87	2176808
5062	87	2177512
5063	87	2178216
5064	87	2178920
5065	87	2179624
5066	87	2180328
5067	87	2181032
5068	87	2181736
5069	87	2182440
5070	87	2183144
5071	87	2183848
5072	87	2184552
5073	87	2185256
5074	87	2185960
5075	87	2186664
5076	87	2187368
5077	87	2188072
5078	87	2188776
5079	87	2189480
5080	87	2190184
5081	87	2190888
5082	87	2191592
5083	87	2192296
5084	87	2193000
5085	87	2193704
5086	87	2194408
5087	87	2195112
5088	87	2195816
5089	87	2196520
5090	87	2197224
5091	87	2197928
5092	87	2198632
5093	87	2199336
5094	87	2200040
5095	87	2200744
5096	87	2201448
5097	87	2202152
5098	87	2202856
5099	87	2203560
5100	87	2204264
5101	87	2204968
5102	87	2205672
5103	87	2206376
5104	87	2207080
5105	87	2207784
5106	87	2208488
5107	87	2209192
5108	87	2209896
5109	87	2210600
5110	87	2211304
5111	87	2212008
5112	87	2212712
5113	87	2213416
5114	87	2214120
5115	87	2214824
5116	87	2215528
5117	87	2216232
5118	87	2216936
5119	87	2217640
5120	87	2218344
5121	87	2219048
5122	87	2219752
5123	87	2220456
5124	87	2221160
5125	87	2221864
5126	87	2222568
5127	87	2223272
5128	87	2223976
5129	87	2224680
5130	87	2225384
5131	87	2226088
5132	87	2226792
5133	87	2227496
5134	87	2228200
5135	87	2228904
5136	87	2229608
5137	87	2230312
5138	87	2231016
5139	87	2231720
5140	87	2232424
5141	87	2233128
5142	87	2233832
5143	87	2234536
5144	87	2235240
5145	87	2235944
5146	87	2236648
5147	87	2237352
5148	87	2238056
5149	87	2238760
5150	87	2239464
5151	87	2240168
5152	87	2240872
5153	87	2241576
5154	87	2242280
5155	87	2242984
5156	87	2243688
5157	87	2244392
5158	87	2245096
5159	87	2245800
5160	87	2246504
5161	87	2247208
5162	87	2247912
5163	87	2248616
5164	87	2249320
5165	87	2250024
5166	87	2250728
5167	87	2251432
5168	87	2252136
5169	87	2252840
5170	87	2253544
5171	87	2254248
5172	87	2254952
5173	87	2255656
5174	87	2256360
5175	87	2257064
5176	87	2257768
5177	87	2258472
5178	87	2259176
5179	87	2259880
5180	87	2260584
5181	87	2261288
5182	87	2261992
5183	87	2262696
5184	87	2263400
5185	87	2264104
5186	87	2264808
5187	87	2265512
5188	87	2266216
5189	87	2266920
5190	87	2267624
5191	87	2268328
5192	87	2269032
5193	87	2269736
5194	87	2270440
5195	87	2271144
5196	87	2271848
5197	87	2272552
5198	87	2273256
5199	87	2273960
5200	87	2274664
5201	87	2275368
5202	87	2276072
5203	87	2276776
5204	87	2277480
5205	87	2278184
5206	87	2278888
5207	87	2279592
5208	87	2280296
5209	87	2281000
5210	87	2281704
5211	87	2282408
5212	87	2283112
5213	87	2283816
5214	87	2284520
5215	87	2285224
5216	87	2285928
5217	87	2286632
5218	87	2287336
5219	87	2288040
5220	87	2288744
5221	87	2289448
5222	87	2290152
5223	87	2290856
5224	87	2291560
5225	87	2292264
5226	87	2292968
5227	87	2293672
5228	87	2294376
5229	87	2295080
5230	87	2295784
5231	87	2296488
5232	87	2297192
5233	87	2297896
5234	87	2298600
5235	87	2299304
5236	87	2300008
5237	87	2300712
5238	87	2301416
5239	87	2302120
5240	87	2302824
5241	87	2303528
5242	87	2304232
5243	87	2304936
5244	87	2305640
5245	87	2306344
5246	87	2307048
5247	87	2307752
5248	87	2308456
5249	87	2309160
5250	87	2309864
5251	87	2310568
5252	87	2311272
5253	87	2311976
5254	87	2312680
5255	87	2313384
5256	87	2314088
5257	87	2314792
5258	87	2315496
5259	87	2316200
5260	87	2316904
5261	87	2317608
5262	87	2318312
5263	87	2319016
5264	87	2319720
5265	87	2320424
5266	87	2321128
5267	87	2321832
5268	87	2322536
5269	87	2323240
5270	87	2323944
5271	87	2324648
5272	87	2325352
5273	87	2326056
5274	87	2326760
5275	87	2327464
5276	87	2328168
5277	87	2328872
5278	87	2329576
5279	87	2330280
5280	87	2330984
5281	87	2331688
5282	87	2332392
5283	87	2333096
5284	87	2333800
5285	87	2334504
5286	87	2335208
5287	87	2335912
5288	87	2336616
5289	87	2337320
5290	87	2338024
5291	87	2338728
5292	87	2339432
5293	87	2340136
5294	87	2340840
5295	87	2341544
5296	87	2342248
5297	87	2342952
5298	87	2343656
5299	87	2344360
5300	87	2345064
5301	87	2345768
5302	87	2346472
5303	87	2347176
5304	87	2347880
5305	87	2348584
5306	87	2349288
5307	87	2349992
5308	87	2350696
5309	87	2351400
5310	87	2352104
5311	87	2352808
5312	87	2353512
5313	87	2354216
5314	87	2354920
5315	87	2355624
5316	87	2356328
5317	87	2357032
5318	87	2357736
5319	87	2358440
5320	87	2359144
5321	87	2359848
5322	87	2360552
5323	87	2361256
5324	87	2361960
5325	87	2362664
5326	87	2363368
5327	87	2364072
5328	87	2364776
5329	87	2365480
5330	87	2366184
5331	87	2366888
5332	87	2367592
5333	87	2368296
5334	87	2369000
5335	87	2369704
5336	87	2370408
5337	87	2371112
5338	87	2371816
5339	87	2372520
5340	87	2373224
5341	87	2373928
5342	87	2374632
5343	87	2375336
5344	87	2376040
5345	87	2376744
5346	87	2377448
5347	87	2378152
5348	87	2378856
5349	87	2379560
5350	87	2380264
5351	87	2380968
5352	87	2381672
5353	85	2382376
5354	85	2383064
5355	85	2383752
5356	85	2384440
5357	85	2385128
5358	85	2385816
5359	85	2386504
5360	85	2387192
5361	85	2387880
5362	85	2388568
5363	85	2389256
5364	85	2389944
5365	85	2390632
5366	85	2391320
5367	85	2392008
5368	85	2392696
5369	85	2393384
5370	85	2394072
5371	85	2394760
5372	85	2395448
5373	85	2396136
5374	85	2396824
5375	85	2397512
5376	85	2398200
5377	85	2398888
5378	85	2399576
5379	85	2400264
5380	85	2400952
5381	85	2401640
5382	85	2402328
5383	85	2403016
5384	85	2403704
5385	85	2404392
5386	85	2405080
5387	85	2405768
5388	85	2406456
5389	85	2407144
5390	85	2407832
5391	85	2408520
5392	85	2409208
5393	85	2409896
5394	85	2410584
5395	85	2411272
5396	85	2411960
5397	85	2412648
5398	85	2413336
5399	85	2414024
5400	85	2414712
5401	85	2415400
5402	85	2416088
5403	85	2416776
5404	85	2417464
5405	85	2418152
5406	85	2418840
5407	85	2419528
5408	85	2420216
5409	85	2420904
5410	85	2421592
5411	85	2422280
5412	85	2422968
5413	85	2423656
5414	85	2424344
5415	85	2425032
5416	85	2425720
5417	85	2426408
5418	85	2427096
5419	85	2427784
5420	85	2428472
5421	85	2429160
5422	85	2429848
5423	85	2430536
5424	85	2431224
5425	85	2431912
5426	85	2432600
5427	85	2433288
5428	85	2433976
5429	85	2434664
5430	85	2435352
5431	85	2436040
5432	85	2436728
5433	85	2437416
5434	85	2438104
5435	85	2438792
5436	85	2439480
5437	85	2440168
5438	85	2440856
5439	85	2441544
5440	85	2442232
5441	85	2442920
5442	85	2443608
5443	85	2444296
5444	85	2444984
5445	85	2445672
5446	85	2446360
5447	85	2447048
5448	85	2447736
5449	85	2448424
5450	85	2449112
5451	85	2449800
5452	85	2450488
5453	85	2451176
5454	85	2451864
5455	85	2452552
5456	85	2453240
5457	85	2453928
5458	85	2454616
5459	85	2455304
5460	85	2455992
5461	85	2456680
5462	85	2457368
5463	85	2458056
5464	85	2458744
5465	85	2459432
5466	85	2460120
5467	85	2460808
5468	85	2461496
5469	85	2462184
5470	85	2462872
5471	85	2463560
5472	85	2464248
5473	85	2464936
5474	85	2465624
5475	85	2466312
5476	85	2467000
5477	85	2467688
5478	85	2468376
5479	85	2469064
5480	85	2469752
5481	85	2470440
5482	85	2471128
5483	85	2471816
5484	85	2472504
5485	85	2473192
5486	85	2473880
5487	85	2474568
5488	85	2475256
5489	85	2475944
5490	85	2476632
5491	85	2477320
5492	85	2478008
5493	85	2478696
5494	85	2479384
5495	85	2480072
5496	85	2480760
5497	85	2481448
5498	85	2482136
5499	85	2482824
5500	85	2483512
5501	85	2484200
5502	85	2484888
5503	85	2485576
5504	85	2486264
5505	85	2486952
5506	85	2487640
5507	85	2488328
5508	85	2489016
5509	85	2489704
5510	85	2490392
5511	85	2491080
5512	85	2491768
5513	85	2492456
5514	85	2493144
5515	85	2493832
5516	85	2494520
5517	85	2495208
5518	85	2495896
5519	85	2496584
5520	85	2497272
5521	85	2497960
5522	85	2498648
5523	85	2499336
5524	85	2500024
5525	85	2500712
5526	85	2501400
5527	85	2502088
5528	85	2502776
5529	85	2503464
5530	85	2504152
5531	85	2504840
5532	85	2505528
5533	85	2506216
5534	85	2506904
5535	85	2507592
5536	85	2508280
5537	85	2508968
5538	85	2509656
5539	85	2510344
5540	85	2511032
5541	85	2511720
5542	85	2512408
5543	85	2513096
5544	85	2513784
5545	85	2514472
5546	85	2515160
5547	85	2515848
5548	85	2516536
5549	85	2517224
5550	85	2517912
5551	85	2518600
5552	85	2519288
5553	85	2519976
5554	85	2520664
5555	85	2521352
5556	85	2522040
5557	85	2522728
5558	85	2523416
5559	85	2524104
5560	85	2524792
5561	85	2525480
5562	85	2526168
5563	85	2526856
5564	85	2527544
5565	85	2528232
5566	85	2528920
5567	85	2529608
5568	85	2530296
5569	85	2530984
5570	85	2531672
5571	85	2532360
5572	85	2533048
5573	85	2533736
5574	85	2534424
5575	85	2535112
5576	85	2535800
5577	85	2536488
5578	85	2537176
5579	85	2537864
5580	85	2538552
5581	85	2539240
5582	85	2539928
5583	85	2540616
5584	85	2541304
5585	85	2541992
5586	85	2542680
5587	85	2543368
5588	85	2544056
5589	85	2544744
5590	85	2545432
5591	85	2546120
5592	85	2546808
5593	85	2547496
5594	85	2548184
5595	85	2548872
5596	85	2549560
5597	85	2550248
5598	83	2550936
5599	83	2551608
5600	83	2552280
5601	83	2552952
5602	83	2553624
5603	83	2554296
5604	83	2554968
5605	83	2555640
5606	83	2556312
5607	83	2556984
5608	83	2557656
5609	83	2558328
5610	83	2559000
5611	83	2559672
5612	83	2560344
5613	83	2561016
5614	83	2561688
5615	83	2562360
5616	83	2563032
5617	83	2563704
5618	83	2564376
5619	83	2565048
5620	83	2565720
5621	83	2566392
5622	83	2567064
5623	83	2567736
5624	83	2568408
5625	83	2569080
5626	83	2569752
5627	83	2570424
5628	83	2571096
5629	83	2571768
5630	83	2572440
5631	83	2573112
5632	83	2573784
5633	83	2574456
5634	83	2575128
5635	83	2575800
5636	83	2576472
5637	83	2577144
5638	83	2577816
5639	83	2578488
5640	83	2579160
5641	83	2579832
5642	83	2580504
5643	83	2581176
5644	83	2581848
5645	83	2582520
5646	83	2583192
5647	83	2583864
5648	83	2584536
5649	83	2585208
5650	83	2585880
5651	83	2586552
5652	83	2587224
5653	83	2587896
5654	83	2588568
5655	83	2589240
5656	83	2589912
5657	83	2590584
5658	83	2591256
5659	83	2591928
5660	83	2592600
5661	83	2593272
5662	83	2593944
5663	83	2594616
5664	83	2595288
5665	83	2595960
5666	83	2596632
5667	83	2597304
5668	83	2597976
0	0	0


	CPU time for BSC calculation: 4.175988e+00(sec)
